Point	Base E	Base N	Base RL	Easting	Northing	Reduced Level	dE	dN	dRL	dx	dy	dz
IBB101	28616.2685	35174.4843	88.5697	28616.2692	35174.4843	88.5701	0.7	0.0	0.4	-0.3	-0.6	0.4
IBB102	28612.0273	35170.6779	88.3948	28612.0279	35170.6776	88.3956	0.6	-0.3	0.8	-0.5	-0.4	0.8
IBB103	28608.8041	35167.7047	88.2711	28608.8051	35167.7051	88.2714	1.0	0.4	0.3	-0.1	-1.1	0.3
IBB104	28605.0811	35164.5172	88.129	28605.0815	35164.5172	88.1295	0.4	0.0	0.5	-0.2	-0.4	0.5
IBB105	28601.1909	35161.4041	87.9768	28601.1916	35161.404	87.9769	0.7	-0.1	0.1	-0.4	-0.6	0.1
IBB106	28598.4228	35159.2386	87.8722	28598.4236	35159.2392	87.8724	0.8	0.6	0.2	0.2	-1.0	0.2
IBB107	28595.6039	35157.079	87.7629	28595.6044	35157.0791	87.7632	0.5	0.1	0.3	-0.1	-0.5	0.3
IBB108	28593.3919	35155.4117	87.6753	28593.3922	35155.4119	87.6756	0.3	0.2	0.3	0.0	-0.4	0.3
IBB109	28591.111	35153.7296	87.5894	28591.1114	35153.7298	87.5896	0.4	0.2	0.2	0.0	-0.4	0.2
IBB110	28588.7816	35152.0492	87.4991	28588.7819	35152.0495	87.4991	0.3	0.3	0.0	0.1	-0.4	0.0
IBB111	28584.7995	35149.5052	87.3405	28584.7992	35149.5051	87.3404	-0.3	-0.1	-0.1	0.0	0.3	-0.1
IBB112	28582.831	35148.0547	87.2748	28582.8307	35148.0546	87.2749	-0.3	-0.1	0.1	0.0	0.3	0.1
IBB113	28581.2886	35146.825	87.2318	28581.288	35146.8249	87.232	-0.6	-0.1	0.2	0.2	0.6	0.2
IBB114	28578.8655	35145.2284	87.1388	28578.8649	35145.2284	87.1391	-0.6	0.0	0.3	0.3	0.5	0.3
IBB115	28576.505	35143.6828	87.0596	28576.5042	35143.6826	87.0597	-0.8	-0.2	0.1	0.2	0.8	0.1
IBB116	28573.575	35141.8635	86.955	28573.5742	35141.8634	86.9553	-0.8	-0.1	0.3	0.3	0.8	0.3
IBB117	28570.5845	35140.004	86.8455	28570.5838	35140.0039	86.8459	-0.7	-0.1	0.4	0.2	0.7	0.4
IBB118	28567.5497	35138.1324	86.7422	28567.5486	35138.1323	86.7431	-1.1	-0.1	0.9	0.4	1.0	0.9
IBB119	28565.7149	35137.0487	86.6816	28565.7149	35137.0483	86.6823	0.0	-0.4	0.7	-0.4	0.2	0.7
IBB120	28563.2736	35135.6048	86.5966	28563.2732	35135.6041	86.5969	-0.4	-0.7	0.3	-0.4	0.7	0.3
IBB121	28560.1941	35133.8424	86.4897	28560.1937	35133.8419	86.4896	-0.4	-0.5	-0.1	-0.3	0.6	-0.1
IBB122	28557.5031	35132.3903	86.3932	28557.503	35132.3894	86.3939	-0.1	-0.9	0.7	-0.8	0.5	0.7
IBB123	28554.9843	35131.0199	86.3089	28554.984	35131.0195	86.3089	-0.3	-0.4	0.0	-0.2	0.5	0.0
IBB124	28552.5109	35129.7042	86.2201	28552.5111	35129.7033	86.221	0.2	-0.9	0.9	-0.9	0.2	0.9
IBB125	28550.0265	35128.3888	86.1457	28550.0262	35128.3882	86.1464	-0.3	-0.6	0.7	-0.4	0.5	0.7
IBB126	28546.9205	35126.812	86.0411	28546.9198	35126.8124	86.0418	-0.7	0.4	0.7	0.7	0.4	0.7
IBB127	28544.3875	35125.5733	85.9594	28544.3874	35125.573	85.9582	-0.1	-0.3	-1.2	-0.2	0.2	-1.2
IBB128	28541.8443	35124.4329	85.8743	No Data	No Data	No Data	No Data	No Data	No Data	No Data	No Data	No Data
IBB129	28539.2832	35123.2186	85.7922	28539.2832	35123.2185	85.7925	0.0	-0.1	0.3	-0.1	0.0	0.3
IBB130	28536.7317	35121.9781	85.7061	28536.7314	35121.9776	85.7071	-0.3	-0.5	1.0	-0.3	0.5	1.0
IBB131	28533.5422	35120.5498	85.6034	No Data	No Data	No Data	No Data	No Data	No Data	No Data	No Data	No Data
IBB132	28530.916	35119.4147	85.5177	28530.9154	35119.4152	85.5188	-0.6	0.5	1.1	0.7	0.3	1.1
IBB133	28528.9479	35118.6688	85.4391	28528.9476	35118.6684	85.4391	-0.3	-0.4	0.0	-0.2	0.5	0.0
IBB134	28525.8057	35117.3319	85.3398	28525.8055	35117.3314	85.3376	-0.2	-0.5	-2.2	-0.4	0.4	-2.2
IBB135	28522.5441	35116.0553	85.231	28522.5439	35116.0552	85.2309	-0.2	-0.1	-0.1	0.0	0.2	-0.1
IBB136	28520.4973	35115.2313	85.1685	28520.4971	35115.2312	85.1683	-0.2	-0.1	-0.2	0.0	0.2	-0.2
IBB137	28517.803	35114.2311	85.088	28517.8027	35114.2312	85.0872	-0.3	0.1	-0.8	0.2	0.2	-0.8
IBB138	28515.0394	35113.2246	84.9958	28515.0391	35113.2246	84.9957	-0.3	0.0	-0.1	0.1	0.3	-0.1
IBB139	28510.8215	35111.7945	84.857	28510.8211	35111.7946	84.8565	-0.4	0.1	-0.5	0.3	0.3	-0.5
IBB140	28509.0056	35111.1452	84.8034	28509.0055	35111.1454	84.8029	-0.1	0.2	-0.5	0.2	0.0	-0.5
IBB141	28506.9615	35110.4488	84.7401	28506.9614	35110.4491	84.7391	-0.1	0.3	-1.0	0.3	0.0	-1.0
IBB142	28503.6453	35109.3847	84.6269	28503.6452	35109.385	84.626	-0.1	0.3	-0.9	0.3	0.0	-0.9
IBB143	28500.9017	35108.5513	84.5374	28500.9018	35108.5515	84.5366	0.1	0.2	-0.8	0.1	-0.2	-0.8
IBB144	28497.5879	35107.6199	84.4288	28497.5879	35107.6203	84.4283	0.0	0.4	-0.5	0.4	-0.2	-0.5
IBB145	28494.9398	35106.9938	84.3291	28494.9397	35106.9941	84.3286	-0.1	0.3	-0.5	0.3	0.0	-0.5
IBB146	28491.9026	35106.0372	84.2416	28491.9027	35106.0377	84.2415	0.1	0.5	-0.1	0.4	-0.3	-0.1
IBB147	28489.4468	35105.2142	84.1719	28489.4467	35105.2146	84.1718	-0.1	0.4	-0.1	0.4	-0.1	-0.1
IBB148	28486.654	35104.4135	84.0857	28486.6539	35104.4139	84.0857	-0.1	0.4	0.0	0.4	-0.1	0.0
IBB149	28483.9104	35103.6452	84.0015	28483.9102	35103.6455	84.0015	-0.2	0.3	0.0	0.4	0.0	0.0
IBB150	28480.4237	35102.7157	83.8906	28480.4235	35102.7159	83.8909	-0.2	0.2	0.3	0.3	0.1	0.3
IBB151	28477.7187	35102.0227	83.8082	28477.7185	35102.0228	83.8084	-0.2	0.1	0.2	0.2	0.1	0.2
IBB152	28475.0216	35101.3822	83.7253	28475.0216	35101.3823	83.7258	0.0	0.1	0.5	0.1	0.0	0.5
IBB153	28473.0462	35100.7971	83.6668	28473.0462	35100.797	83.6671	0.0	-0.1	0.3	-0.1	0.0	0.3
IBB154	28471.2293	35100.324	83.6083	28471.2294	35100.3239	83.6084	0.1	-0.1	0.1	-0.1	0.0	0.1
IBB155	28468.2324	35099.5579	83.5206	28468.2325	35099.5578	83.5207	0.1	-0.1	0.1	-0.1	0.0	0.1
IBB156	28463.001	35098.2818	83.3551	28463.0011	35098.2816	83.3555	0.1	-0.2	0.4	-0.2	0.0	0.4
IBB157	28458.2288	35097.1692	83.2057	28458.2287	35097.1687	83.2064	-0.1	-0.5	0.7	-0.4	0.3	0.7
IBB158	28454.6108	35096.2887	83.0962	28454.6109	35096.2884	83.0962	0.1	-0.3	0.0	-0.3	0.0	0.0
IBB159	28449.8853	35095.1228	82.9471	28449.8853	35095.1227	82.9475	0.0	-0.1	0.4	-0.1	0.0	0.4
IBB160	28445.1653	35093.9973	82.8026	No Data	No Data	No Data	No Data	No Data	No Data	No Data	No Data	No Data
IBB201	28615.7523	35175.0124	88.5249	28615.7533	35175.0136	88.5254	1.0	1.2	0.5	0.6	-1.4	0.5
IBB202	28612.0813	35171.7082	88.3807	28612.0819	35171.7087	88.3804	0.6	0.5	-0.3	0.2	-0.8	-0.3
IBB203	28608.2225	35168.4498	88.2236	28608.2231	35168.4499	88.2236	0.6	0.1	0.0	-0.2	-0.6	0.0
IBB204	28604.4519	35165.2688	88.0741	28604.4529	35165.2689	88.0741	1.0	0.1	0.0	-0.4	-0.9	0.0
IBB205	28600.5603	35162.1434	87.9226	28600.5611	35162.1436	87.9227	0.8	0.2	0.1	-0.2	-0.8	0.1
IBB206	28597.8554	35159.9289	87.8238	28597.8558	35159.9288	87.8242	0.4	-0.1	0.4	-0.3	-0.3	0.4
IBB207	28595.0092	35157.7614	87.716	28595.01	35157.7619	87.7162	0.8	0.5	0.2	0.1	-0.9	0.2
IBB208	28592.8955	35156.1161	87.6297	28592.8961	35156.1165	87.63	0.6	0.4	0.3	0.1	-0.7	0.3
IBB209	28590.603	35154.4553	87.5417	28590.6032	35154.4553	87.5419	0.2	0.0	0.2	-0.1	-0.2	0.2
IBB210	28588.197	35152.7539	87.4516	28588.1972	35152.7543	87.4518	0.2	0.4	0.2	0.3	-0.4	0.2
IBB211	28584.4348	35149.9706	87.3091	28584.4346	35149.9706	87.3094	-0.2	0.0	0.3	0.1	0.2	0.3
IBB212	28582.5031	35148.6281	87.2455	28582.5027	35148.6281	87.2457	-0.4	0.0	0.2	0.2	0.4	0.2
IBB213	28580.786	35147.5604	87.183	28580.7859	35147.5605	87.1833	-0.1	0.1	0.3	0.1	0.0	0.3
IBB214	28578.4085	35145.9882	87.0993	28578.4081	35145.9881	87.0994	-0.4	-0.1	0.1	0.1	0.4	0.1
IBB215	28576.0318	35144.3804	87.0118	28576.0311	35144.3802	87.0121	-0.7	-0.2	0.3	0.1	0.7	0.3
IBB216	28573.179	35142.5653	86.9127	28573.1785	35142.5653	86.913	-0.5	0.0	0.3	0.2	0.4	0.3
IBB217	28570.21	35140.6854	86.8062	28570.2094	35140.6852	86.8065	-0.6	-0.2	0.3	0.1	0.6	0.3
IBB218	28567.1775	35138.832	86.6972	28567.1769	35138.8318	86.6975	-0.6	-0.2	0.3	0.1	0.6	0.3
IBB219	28565.3171	35137.7451	86.6356	28565.3165	35137.745	86.6363	-0.6	-0.1	0.7	0.2	0.6	0.7
IBB220	28562.8411	35136.3202	86.5513	28562.8408	35136.3203	86.5514	-0.3	0.1	0.1	0.2	0.2	0.1
IBB221	28559.776	35134.5876	86.4408	28559.7756	35134.5871	86.4416	-0.4	-0.5	0.8	-0.3	0.6	0.8
IBB222	28557.1313	35133.0263	86.3578	28557.1313	35133.0262	86.3577	0.0	-0.1	-0.1	-0.1	0.0	-0.1
IBB223	28554.5731	35131.7356	86.2602	28554.5728	35131.7352	86.2607	-0.3	-0.4	0.5	-0.2	0.5	0.5
IBB224	28552.1401	35130.4449	86.1784	28552.1401	35130.4447	86.1784	0.0	-0.2	0.0	-0.2	0.1	0.0
IBB225	28549.6782	35129.0921	86.1048	28549.678	35129.0916	86.1046	-0.2	-0.5	-0.2	-0.4	0.4	-0.2
IBB226	28546.5251	35127.5713	85.9948	28546.5251	35127.5711	85.9951	0.0	-0.2	0.3	-0.2	0.1	0.3
IBB227	28544.0123	35126.3439	85.9155	28544.0121	35126.3434	85.916	-0.2	-0.5	0.5	-0.4	0.4	0.5
IBB228	28541.4802	35125.1182	85.8325	28541.4801	35125.1181	85.8319	-0.1	-0.1	-0.6	0.0	0.1	-0.6
IBB229	28538.9897	35123.8715	85.7522	28538.9892	35123.8712	85.7525	-0.5	-0.3	0.3	0.0	0.6	0.3
IBB230	28535.8784	35122.3253	85.6517	28535.8779	35122.3253	85.6525	-0.5	0.0	0.8	0.2	0.4	0.8
IBB231	28533.1807	35121.3107	85.556	No Data	No Data	No Data	No Data	No Data	No Data	No Data	No Data	No Data
IBB232	28530.1887	35119.8195	85.4679	28530.1886	35119.8198	85.4688	-0.1	0.3	0.9	0.3	0.0	0.9
IBB233	28528.6229	35119.3744	85.4008	28528.6227	35119.374	85.4004	-0.2	-0.4	-0.4	-0.3	0.4	-0.4
IBB234	28525.4351	35118.0821	85.2951	28525.4347	35118.0817	85.2937	-0.4	-0.4	-1.4	-0.2	0.5	-1.4
IBB235	28522.2627	35116.7925	85.1936	28522.2625	35116.7922	85.1934	-0.2	-0.3	-0.2	-0.2	0.3	-0.2
IBB236	28520.1509	35116.0309	85.1209	28520.1506	35116.0311	85.121	-0.3	0.2	0.1	0.3	0.2	0.1
IBB237	28517.4998	35115.0216	85.0414	28517.4992	35115.0217	85.0409	-0.6	0.1	-0.5	0.4	0.5	-0.5
IBB238	28514.7117	35114.0246	84.9568	28514.7115	35114.0245	84.9565	-0.2	-0.1	-0.3	0.0	0.2	-0.3
IBB239	28510.5857	35112.5004	84.8222	28510.5854	35112.5006	84.8219	-0.3	0.2	-0.3	0.3	0.2	-0.3
IBB240	28508.7501	35111.9691	84.7628	28508.7499	35111.969	84.7623	-0.2	-0.1	-0.5	0.0	0.2	-0.5
IBB241	28506.7499	35111.2929	84.7021	28506.7501	35111.2926	84.7013	0.2	-0.3	-0.8	-0.4	0.0	-0.8
IBB242	28503.3926	35110.2021	84.5947	28503.3926	35110.2023	84.5935	0.0	0.2	-1.2	0.2	-0.1	-1.2
IBB243	28500.6997	35109.3505	84.5062	28500.6997	35109.3508	84.5053	0.0	0.3	-0.9	0.3	-0.1	-0.9
IBB244	28497.3873	35108.3362	84.4023	28497.3871	35108.3368	84.4015	-0.2	0.6	-0.8	0.6	-0.1	-0.8
IBB245	28494.577	35107.5261	84.3058	28494.5769	35107.5264	84.3053	-0.1	0.3	-0.5	0.3	0.0	-0.5
IBB246	28491.7926	35106.6355	84.2196	28491.7924	35106.6359	84.2191	-0.2	0.4	-0.5	0.4	0.0	-0.5
IBB247	28489.2605	35105.9666	84.146	28489.2604	35105.9672	84.1458	-0.1	0.6	-0.2	0.6	-0.2	-0.2
IBB248	28486.3805	35105.145	84.0604	28486.3803	35105.1455	84.0604	-0.2	0.5	0.0	0.5	-0.1	0.0
IBB249	28483.833	35104.4304	83.9885	28483.8328	35104.4308	83.9885	-0.2	0.4	0.0	0.4	0.0	0.0
IBB250	28480.2694	35103.4519	83.8819	28480.2693	35103.4523	83.8825	-0.1	0.4	0.6	0.4	-0.1	0.6
IBB251	28477.5795	35102.7062	83.7977	28477.5794	35102.7064	83.7977	-0.1	0.2	0.0	0.2	0.0	0.0
IBB252	28474.896	35102.0254	83.712	28474.8961	35102.0258	83.7125	0.1	0.4	0.5	0.3	-0.3	0.5
IBB253	28473.0264	35101.5515	83.6575	28473.0266	35101.5518	83.6581	0.2	0.3	0.6	0.2	-0.3	0.6
IBB254	28470.9988	35101.0372	83.5961	28470.9987	35101.0373	83.5965	-0.1	0.1	0.4	0.1	0.0	0.4
IBB255	28468.0692	35100.2928	83.507	28468.0692	35100.2927	83.5074	0.0	-0.1	0.4	-0.1	0.0	0.4
IBB256	28462.8154	35098.9464	83.3481	28462.8152	35098.9463	83.3487	-0.2	-0.1	0.6	0.0	0.2	0.6
IBB257	28458.0112	35097.7767	83.2034	28458.0109	35097.7768	83.2047	-0.3	0.1	1.3	0.2	0.2	1.3
IBB258	28454.424	35096.9073	83.0929	28454.4238	35096.9073	83.0939	-0.2	0.0	1.0	0.1	0.2	1.0
IBB259	28449.7025	35095.698	82.9467	28449.7021	35095.6982	82.9486	-0.4	0.2	1.9	0.4	0.3	1.9
IBB260	28444.9178	35094.5445	82.7976	28444.9177	35094.5448	82.7973	-0.1	0.3	-0.3	0.3	0.0	-0.3
IBC01	28615.0532	35174.7295	93.0946	28615.0536	35174.7293	93.0949	0.4	-0.2	0.3	-0.4	-0.3	0.3
IBC02	28612.2372	35172.2027	93.0044	28612.2378	35172.2027	93.0049	0.6	0.0	0.5	-0.3	-0.5	0.5
IBC03	28608.547	35169.003	92.8474	28608.5473	35169.0035	92.8477	0.3	0.5	0.3	0.3	-0.5	0.3
IBC04	28605.1541	35166.1609	92.6821	28605.1544	35166.1614	92.6821	0.3	0.5	0.0	0.3	-0.5	0.0
IBC05	28601.5041	35163.1739	92.5228	28601.5044	35163.1742	92.523	0.3	0.3	0.2	0.1	-0.4	0.2
IBC06	28598.6495	35160.8835	92.4086	28598.65	35160.8841	92.4089	0.5	0.6	0.3	0.3	-0.7	0.3
IBC07	28595.7007	35158.585	92.3269	28595.7008	35158.5851	92.327	0.1	0.1	0.1	0.0	-0.1	0.1
IBC08	28593.6565	35157.0294	92.2633	28593.6569	35157.03	92.2638	0.4	0.6	0.5	0.3	-0.6	0.5
IBC09	28591.4702	35155.3163	92.203	28591.4706	35155.3167	92.2033	0.4	0.4	0.3	0.2	-0.5	0.3
IBC10	28589.1233	35153.6962	92.1235	28589.1232	35153.6966	92.1237	-0.1	0.4	0.2	0.4	-0.1	0.2
IBC11	28586.8392	35152.0547	92.0414	28586.839	35152.0549	92.0418	-0.2	0.2	0.4	0.3	0.1	0.4
IBC12	28584.3369	35150.2946	91.9307	28584.3361	35150.2949	91.9313	-0.8	0.3	0.6	0.6	0.6	0.6
IBC13	28582.2206	35148.8288	91.8379	28582.2199	35148.8289	91.8383	-0.7	0.1	0.4	0.4	0.6	0.4
IBC14	28579.5107	35147.0043	91.7364	28579.5099	35147.0044	91.7367	-0.8	0.1	0.3	0.5	0.7	0.3
IBC15	28576.5752	35145.0649	91.635	28576.5749	35145.0652	91.6354	-0.3	0.3	0.4	0.4	0.1	0.4
IBC16	28573.0966	35142.94	91.5014	28573.0957	35142.9402	91.5019	-0.9	0.2	0.5	0.6	0.7	0.5
IBC17	28570.275	35141.0667	91.3929	28570.2741	35141.067	91.3935	-0.9	0.3	0.6	0.7	0.7	0.6
IBC18	28567.0592	35139.1125	91.2701	28567.0582	35139.1127	91.271	-1.0	0.2	0.9	0.6	0.8	0.9
IBC19	28565.2744	35138.0548	91.1968	28565.2732	35138.0549	91.1967	-1.2	0.1	-0.1	0.6	1.0	-0.1
IBC20	28562.8651	35136.6499	91.1072	28562.8645	35136.6503	91.1074	-0.6	0.4	0.2	0.6	0.3	0.2
IBC21	28559.8127	35134.8979	91.012	28559.8119	35134.8978	91.0115	-0.8	-0.1	-0.5	0.3	0.8	-0.5
IBC22	28557.3566	35133.5272	90.9276	28557.356	35133.5271	90.9272	-0.6	-0.1	-0.4	0.2	0.6	-0.4
IBC23	28554.7306	35132.0813	90.8473	28554.7304	35132.0812	90.846	-0.2	-0.1	-1.3	0.0	0.2	-1.3
IBC24	28552.3858	35130.5057	90.7742	28552.3852	35130.5054	90.7736	-0.6	-0.3	-0.6	0.0	0.7	-0.6
IBC25	28549.1725	35129.144	90.6608	28549.1723	35129.1439	90.6594	-0.2	-0.1	-1.4	0.0	0.2	-1.4
IBC26	28546.6804	35127.8886	90.5799	28546.6801	35127.888	90.5778	-0.3	-0.6	-2.1	-0.4	0.5	-2.1
IBC27	28543.5016	35126.3164	90.4698	28543.5025	35126.317	90.468	0.9	0.6	-1.8	-1.0	0.5	-1.8
IBC28	28540.9777	35125.0993	90.378	28540.9777	35125.0984	90.3755	0.0	-0.9	-2.5	-0.8	0.4	-2.5
IBC29	28538.555	35123.6654	90.2992	28538.5552	35123.6645	90.2972	0.2	-0.9	-2.0	-0.9	0.2	-2.0
IBC30	28536.5582	35123.0588	90.2221	28536.5584	35123.0575	90.22	0.2	-1.3	-2.1	-1.2	0.4	-2.1
IBC31	28533.3427	35121.6372	90.1237	28533.3427	35121.6359	90.1219	0.0	-1.3	-1.8	-1.2	0.6	-1.8
IBC32	28530.7886	35120.5277	90.0515	28530.7889	35120.5271	90.0504	0.3	-0.6	-1.1	-0.7	0.0	-1.1
IBC33	28528.6421	35119.6251	89.9952	28528.6423	35119.6239	89.9959	0.2	-1.2	0.7	-1.2	0.4	0.7
IBC34	28525.4263	35118.3066	89.8973	28525.4262	35118.3062	89.8964	-0.1	-0.4	-0.9	-0.3	0.3	-0.9
IBC35	28522.3275	35117.0605	89.7988	28522.3274	35117.0596	89.7979	-0.1	-0.9	-0.9	-0.8	0.5	-0.9
IBC36	28520.3925	35116.313	89.7399	28520.3928	35116.3122	89.7387	0.3	-0.8	-1.2	-0.8	0.1	-1.2
IBC37	28517.5708	35115.2537	89.653	28517.571	35115.252	89.6512	0.2	-1.7	-1.8	-1.6	0.6	-1.8
IBC38	28514.9355	35114.3115	89.5645	28514.935877306	35114.3095211832	89.5625	0.4	-2.0	-2.0	-1.9	0.6	-2.0
IBC39	28512.7943	35113.2586	89.5052	28512.7946163146	35113.2563085878	89.503	0.3	-2.3	-2.2	-2.2	0.8	-2.2
IBC40	28508.7351	35112.1741	89.3491	28508.7358858189	35112.1720522901	89.3464	0.8	-2.0	-2.7	-2.2	0.2	-2.7
IBC41	28507.0876	35111.3217	89.3051	28507.0885695043	35111.3199437023	89.3024	1.0	-1.8	-2.7	-2.0	-0.1	-2.7
IBC42	28503.4876	35110.141	89.1884	28503.4883	35110.1409	89.1866	0.7	-0.1	-1.8	-0.4	-0.6	-1.8
IBC43	28500.6101	35109.2273	89.105	28500.6106	35109.2276	89.1035	0.5	0.3	-1.5	0.0	-0.6	-1.5
IBC44	28497.5453	35108.4651	88.9995	28497.5457	35108.4657	88.9984	0.4	0.6	-1.1	0.3	-0.6	-1.1
IBC45	28494.7137	35107.968	88.887	28494.7139	35107.9686	88.8862	0.2	0.6	-0.8	0.4	-0.5	-0.8
IBC46	28491.226	35106.9994	88.7717	28491.226	35107	88.7711	0.0	0.6	-0.6	0.5	-0.3	-0.6
IBC47	28489.1857	35106.1595	88.7306	28489.1858	35106.16	88.73	0.1	0.5	-0.6	0.4	-0.3	-0.6
IBC48	28486.7067	35105.4652	88.6467	28486.7066	35105.4656	88.6463	-0.1	0.4	-0.4	0.4	-0.1	-0.4
IBC49	28483.825	35104.5396	88.5639	28483.8249	35104.54	88.5636	-0.1	0.4	-0.3	0.4	-0.1	-0.3
IBC50	28480.5162	35103.7003	88.4698	28480.5164	35103.7007	88.4701	0.2	0.4	0.3	0.3	-0.4	0.3
IBC51	28477.7992	35102.9869	88.3946	28477.7993	35102.9871	88.3951	0.1	0.2	0.5	0.1	-0.2	0.5
IBC52	28475.0785	35102.2568	88.3083	28475.0787	35102.2573	88.3087	0.2	0.5	0.4	0.4	-0.4	0.4
IBC53	28472.9937	35101.5964	88.2453	28472.9938	35101.5967	88.2463	0.1	0.3	1.0	0.2	-0.2	1.0
IBC54	28471.0176	35101.2071	88.1723	28471.0175	35101.2073	88.1725	-0.1	0.2	0.2	0.2	0.0	0.2
IBC55	28467.7666	35100.2089	88.0875	28467.7667	35100.2089	88.0883	0.1	0.0	0.8	0.0	-0.1	0.8
IBC56	28462.8678	35099.1631	87.9242	28462.8679	35099.1629	87.9248	0.1	-0.2	0.6	-0.2	0.0	0.6
IBC57	28457.8964	35097.6602	87.7948	28457.8964	35097.6601	87.7952	0.0	-0.1	0.4	-0.1	0.0	0.4
IBC58	28453.8696	35096.7476	87.6707	28453.8694	35096.7478	87.6715	-0.2	0.2	0.8	0.3	0.1	0.8
IBC59	28449.286	35095.5754	87.5263	28449.2859	35095.576	87.5259	-0.1	0.6	-0.4	0.6	-0.2	-0.4
IBC60	28443.7948	35094.511	87.3423	28443.7947	35094.5115	87.3437	-0.1	0.5	1.4	0.5	-0.1	1.4
IBL01	28617.4778	35173.1734	88.978	28617.4784	35173.1731	88.9779	0.6	-0.3	-0.1	-0.5	-0.4	-0.1
IBL02	28612.6896	35168.8935	88.8395	28612.69	35168.8934	88.8398	0.4	-0.1	0.3	-0.3	-0.3	0.3
IBL03	28609.3134	35165.981	88.6951	28609.3141	35165.9811	88.6951	0.7	0.1	0.0	-0.2	-0.7	0.0
IBL04	28605.1651	35162.526	88.4911	28605.1661	35162.5263	88.491	1.0	0.3	-0.1	-0.2	-1.0	-0.1
IBL05	28601.6805	35159.7154	88.3446	28601.6813	35159.7157	88.3446	0.8	0.3	0.0	-0.1	-0.8	0.0
IBL06	28599.4572	35157.9588	88.2557	28599.4573	35157.9591	88.2559	0.1	0.3	0.2	0.2	-0.2	0.2
IBL07	28597.3152	35156.2951	88.1937	28597.3158	35156.2952	88.1939	0.6	0.1	0.2	-0.2	-0.6	0.2
IBL08	28594.5948	35154.2419	88.0952	28594.5954	35154.2421	88.0952	0.6	0.2	0.0	-0.1	-0.6	0.0
IBL09	28592.312	35152.5153	88.0857	28592.3123	35152.5154	88.0859	0.3	0.1	0.2	0.0	-0.3	0.2
IBL10	28590.2833	35151.5621	87.5824	28590.2838	35151.5623	87.5824	0.5	0.2	0.0	-0.1	-0.5	0.0
IBL11	28585.4329	35147.308	89.4859	28585.4325	35147.3081	89.4861	-0.4	0.1	0.2	0.3	0.3	0.2
IBL12	28584.0637	35146.6657	87.7812	28584.0635	35146.6655	87.7814	-0.2	-0.2	0.2	-0.1	0.3	0.2
IBL13	28581.7393	35145.0844	87.7357	28581.7387	35145.084	87.7358	-0.6	-0.4	0.1	-0.1	0.7	0.1
IBL14	28579.3855	35143.546	87.6074	28579.3851	35143.5458	87.6075	-0.4	-0.2	0.1	0.0	0.4	0.1
IBL15	28577.0982	35142.0454	87.5352	28577.0975	35142.0452	87.5356	-0.7	-0.2	0.4	0.1	0.7	0.4
IBL16	28573.7318	35139.9329	87.3666	28573.7311	35139.9327	87.3668	-0.7	-0.2	0.2	0.1	0.7	0.2
IBL17	28571.3949	35138.4676	87.2956	28571.3941	35138.4673	87.2957	-0.8	-0.3	0.1	0.1	0.8	0.1
IBL18	28569.8014	35137.4743	87.2769	28569.801	35137.4742	87.2778	-0.4	-0.1	0.9	0.1	0.4	0.9
IBL19	28567.7894	35136.301	87.154	28567.7889	35136.301	87.1544	-0.5	0.0	0.4	0.2	0.4	0.4
IBL20	28565.3105	35134.7943	87.1326	28565.3102	35134.7941	87.1323	-0.3	-0.2	-0.3	0.0	0.4	-0.3
IBL21	28562.8601	35133.4003	87.0025	28562.8601	35133.4004	87.0032	0.0	0.1	0.7	0.1	0.0	0.7
IBL22	28559.6444	35131.5401	86.9694	28559.6439	35131.5398	86.9692	-0.5	-0.3	-0.2	0.0	0.6	-0.2
IBL23	28557.2267	35130.205	86.8909	28557.2266	35130.2046	86.8903	-0.1	-0.4	-0.6	-0.3	0.3	-0.6
IBL24	28554.7332	35128.8487	86.8259	28554.7328	35128.8485	86.8257	-0.4	-0.2	-0.2	0.0	0.4	-0.2
IBL25	28552.1776	35127.5797	86.5921	28552.1774	35127.5793	86.5917	-0.2	-0.4	-0.4	-0.3	0.4	-0.4
IBL26	28549.0213	35125.9008	86.5993	28549.0211	35125.8998	86.5988	-0.2	-1.0	-0.5	-0.8	0.6	-0.5
IBL27	28546.0952	35124.4731	86.4512	28546.0952	35124.4726	86.4506	0.0	-0.5	-0.6	-0.4	0.2	-0.6
IBL28	28543.4999	35123.2529	86.2885	28543.5002	35123.2519	86.288	0.3	-1.0	-0.5	-1.0	0.2	-0.5
IBL29	28540.1046	35121.61	86.2321	28540.105	35121.609	86.2318	0.4	-1.0	-0.3	-1.1	0.1	-0.3
IBL30	28537.703	35120.5159	86.1397	28537.7031	35120.5144	86.1397	0.1	-1.5	0.0	-1.4	0.6	0.0
IBL31	28534.9324	35119.2741	86.06	28534.9325	35119.2725	86.0595	0.1	-1.6	-0.5	-1.5	0.6	-0.5
IBL32	28531.8194	35117.9111	85.9785	28531.8193	35117.9103	85.9787	-0.1	-0.8	0.2	-0.7	0.5	0.2
IBL33	28529.5695	35116.9751	85.9167	28529.5694	35116.9746	85.9159	-0.1	-0.5	-0.8	-0.4	0.3	-0.8
IBL34	28527.34	35116.0681	85.8358	28527.3399	35116.0681	85.8355	-0.1	0.0	-0.3	0.0	0.1	-0.3
IBL35	28525.3024	35115.2347	85.7938	28525.3022	35115.2344	85.7932	-0.2	-0.3	-0.6	-0.2	0.3	-0.6
IBL36	28522.6824	35114.1986	85.7151	28522.682	35114.1986	85.7149	-0.4	0.0	-0.2	0.2	0.4	-0.2
IBL37	28519.8315	35113.109	85.6318	28519.8313	35113.109	85.6317	-0.2	0.0	-0.1	0.1	0.2	-0.1
IBL38	28516.1034	35111.7649	85.4818	28516.1035	35111.7645	85.4815	0.1	-0.4	-0.3	-0.4	0.1	-0.3
IBL39	28513.5279	35110.8622	85.4001	28513.5284	35110.861	85.3994	0.5	-1.2	-0.7	-1.3	0.1	-0.7
IBL40	28510.519	35109.8317	85.2836	28510.5198	35109.8299	85.2823	0.8	-1.8	-1.3	-2.0	0.1	-1.3
IBL41	28508.068	35109.0111	85.1831	28508.0685	35109.0097	85.1811	0.5	-1.4	-2.0	-1.5	0.2	-2.0
IBL42	28504.8424	35107.9277	85.1187	28504.8425	35107.9278	85.1176	0.1	0.1	-1.1	0.0	-0.1	-1.1
IBL43	28501.1397	35106.7549	84.9823	28501.1396	35106.7551	84.9812	-0.1	0.2	-1.1	0.2	0.0	-1.1
IBL44	28498.7938	35106.0436	84.8812	28498.7937	35106.0438	84.8804	-0.1	0.2	-0.8	0.2	0.0	-0.8
IBL45	28496.9165	35105.461	84.8435	28496.9163	35105.4612	84.8429	-0.2	0.2	-0.6	0.3	0.1	-0.6
IBL46	28491.3806	35103.8227	84.6681	28491.3806	35103.823	84.6678	0.0	0.3	-0.3	0.3	-0.1	-0.3
IBL47	28489.9425	35103.4247	84.6012	28489.9424	35103.4251	84.6009	-0.1	0.4	-0.3	0.4	-0.1	-0.3
IBL48	28487.7376	35102.531	86.3308	28487.7375	35102.5313	86.3306	-0.1	0.3	-0.2	0.3	0.0	-0.2
IBL49	28483.6656	35101.4101	86.2166	28483.6656	35101.4106	86.2166	0.0	0.5	0.0	0.4	-0.2	0.0
IBL50	28480.9458	35100.6612	86.0735	28480.9457	35100.6618	86.0737	-0.1	0.6	0.2	0.6	-0.2	0.2
IBL51	28478.2183	35099.9403	85.9662	28478.2182	35099.941	85.9657	-0.1	0.7	-0.5	0.7	-0.2	-0.5
IBL52	28476.3447	35099.4691	86.08	28476.3447	35099.4696	86.0805	0.0	0.5	0.5	0.4	-0.2	0.5
IBL53	28474.1361	35098.8977	86.0003	28474.136	35098.8983	86.0017	-0.1	0.6	1.4	0.6	-0.2	1.4
IBL54	28471.6067	35098.2415	85.9221	28471.6066	35098.242	85.9228	-0.1	0.5	0.7	0.5	-0.1	0.7
IBL55	28468.6942	35097.4829	85.7652	28468.6941	35097.4834	85.766	-0.1	0.5	0.8	0.5	-0.1	0.8
IBL56	28463.2311	35096.1251	85.5998	28463.2311	35096.1251	85.6003	0.0	0.0	0.5	0.0	0.0	0.5
IBL57	28459.1311	35095.1147	85.4891	28459.131	35095.1148	85.4901	-0.1	0.1	1.0	0.1	0.0	1.0
IBL58	28454.1026	35093.9035	85.3368	28454.1025	35093.9036	85.3377	-0.1	0.1	0.9	0.1	0.0	0.9
IBL59	28449.7773	35092.866	85.2585	28449.7774	35092.8656	85.2597	0.1	-0.4	1.2	-0.4	0.1	1.2
IBL60	28445.908	35092.0937	85.1186	28445.9079	35092.0942	85.1203	-0.1	0.5	1.7	0.5	-0.1	1.7
IBR01	28613.6887	35176.9636	90.2834	28613.6893	35176.9641	90.284	0.6	0.5	0.6	0.2	-0.8	0.6
IBR02	28609.5423	35173.2684	90.139	28609.5427	35173.2688	90.1394	0.4	0.4	0.4	0.2	-0.5	0.4
IBR03	28606.2349	35170.4209	89.991	28606.2352	35170.4212	89.9911	0.3	0.3	0.1	0.1	-0.4	0.1
IBR04	28602.132	35166.9917	89.7923	28602.1322	35166.9921	89.7922	0.2	0.4	-0.1	0.3	-0.4	-0.1
IBR05	28598.5474	35164.0928	89.6372	28598.5477	35164.093	89.6373	0.3	0.2	0.1	0.0	-0.4	0.1
IBR06	28596.1875	35162.2196	89.5496	28596.1878	35162.2198	89.5499	0.3	0.2	0.3	0.0	-0.4	0.3
IBR07	28594.1855	35160.6601	89.4894	28594.1857	35160.6608	89.4897	0.2	0.7	0.3	0.5	-0.5	0.3
IBR08	28591.1485	35158.3617	89.3841	28591.1485	35158.362	89.3843	0.0	0.3	0.2	0.3	-0.1	0.2
IBR09	28588.6314	35156.5093	89.3206	28588.6313	35156.5096	89.3208	-0.1	0.3	0.2	0.3	0.0	0.2
IBR10	28586.0168	35154.635	89.2266	28586.0165	35154.6356	89.2268	-0.3	0.6	0.2	0.7	0.0	0.2
IBR11	28583.7278	35153.02	89.1404	28583.7272	35153.0207	89.1406	-0.6	0.7	0.2	0.9	0.2	0.2
IBR12	28581.4446	35151.4378	89.0436	28581.4444	35151.4381	89.0439	-0.2	0.3	0.3	0.4	0.0	0.3
IBR13	28579.1391	35149.8718	88.9561	28579.1388	35149.872	88.9562	-0.3	0.2	0.1	0.3	0.2	0.1
IBR14	28576.8204	35148.3228	88.8735	28576.8196	35148.323	88.8738	-0.8	0.2	0.3	0.5	0.6	0.3
IBR15	28574.4938	35146.8045	88.7928	28574.4935	35146.8045	88.7931	-0.3	0.0	0.3	0.1	0.3	0.3
IBR16	28571.7175	35145.0295	88.6988	28571.7169	35145.0298	88.6996	-0.6	0.3	0.8	0.5	0.4	0.8
IBR17	28568.9934	35143.3302	88.5972	28568.9925	35143.3301	88.5978	-0.9	-0.1	0.6	0.3	0.8	0.6
IBR18	28565.8128	35141.3935	88.4714	28565.8125	35141.3935	88.4717	-0.3	0.0	0.3	0.1	0.3	0.3
IBR19	28564.2455	35140.4637	88.4087	28564.2449	35140.4638	88.4088	-0.6	0.1	0.1	0.4	0.5	0.1
IBR20	28561.0094	35138.5762	88.2807	28561.0088	35138.5761	88.2806	-0.6	-0.1	-0.1	0.2	0.6	-0.1
IBR21	28558.5967	35137.1973	88.2084	28558.5962	35137.1969	88.2087	-0.5	-0.4	0.3	-0.1	0.6	0.3
IBR22	28556.4767	35136.005	88.1298	28556.4764	35136.0044	88.1296	-0.3	-0.6	-0.2	-0.4	0.5	-0.2
IBR23	28552.9744	35134.0883	88.0296	28552.9739	35134.0878	88.0286	-0.5	-0.5	-1.0	-0.2	0.7	-1.0
IBR24	28551.2843	35133.1813	87.9761	28551.284	35133.181	87.9754	-0.3	-0.3	-0.7	-0.1	0.4	-0.7
IBR25	28548.8331	35131.8964	87.8887	28548.8329	35131.8961	87.8878	-0.2	-0.3	-0.9	-0.2	0.3	-0.9
IBR26	28545.5895	35130.2478	87.7785	28545.5892	35130.2474	87.7774	-0.3	-0.4	-1.1	-0.2	0.5	-1.1
IBR27	28543.0855	35129.0125	87.6269	28543.0855	35129.0123	87.6255	0.0	-0.2	-1.4	-0.2	0.1	-1.4
IBR28	28540.586	35127.8016	87.6127	28540.5862	35127.8024	87.6123	0.2	0.8	-0.4	0.6	-0.5	-0.4
IBR29	28537.613	35126.4085	87.51	28537.6127	35126.4084	87.5108	-0.3	-0.1	0.8	0.0	0.3	0.8
IBR30	28535.5706	35125.471	87.3644	28535.571	35125.4714	87.3639	0.4	0.4	-0.5	0.2	-0.5	-0.5
IBR31	28532.5492	35124.1174	87.3995	28532.549	35124.1172	87.3994	-0.2	-0.2	-0.1	-0.1	0.3	-0.1
IBR32	28529.9172	35122.7202	87.335	28529.9171	35122.7207	87.3345	-0.1	0.5	-0.5	0.5	-0.1	-0.5
IBR33	28527.5535	35121.8108	87.2625	28527.5533	35121.8106	87.2617	-0.2	-0.2	-0.8	-0.1	0.3	-0.8
IBR34	28523.2254	35120.2142	87.112	28523.2253	35120.2139	87.1116	-0.1	-0.3	-0.4	-0.2	0.2	-0.4
IBR35	28520.6513	35119.1932	86.9651	28520.6511	35119.193	86.9644	-0.2	-0.2	-0.7	-0.1	0.3	-0.7
IBR36	28518.9882	35118.5546	86.9261	28518.9881	35118.5543	86.9261	-0.1	-0.3	0.0	-0.2	0.2	0.0
IBR37	28516.7544	35117.725	86.8473	28516.7541	35117.7249	86.8465	-0.3	-0.1	-0.8	0.0	0.3	-0.8
IBR38	28513.5959	35116.5901	86.7446	28513.5957	35116.59	86.7437	-0.2	-0.1	-0.9	0.0	0.2	-0.9
IBR39	28511.4671	35115.8504	86.6682	28511.4668	35115.8502	86.6674	-0.3	-0.2	-0.8	0.0	0.4	-0.8
IBR40	28508.3738	35114.7993	86.5583	28508.3737	35114.7995	86.5568	-0.1	0.2	-1.5	0.2	0.0	-1.5
IBR41	28506.2292	35114.0684	86.4871	28506.2294	35114.0687	86.4855	0.2	0.3	-1.6	0.2	-0.3	-1.6
IBR42	28503.1009	35113.0355	86.3904	28503.101	35113.0359	86.3891	0.1	0.4	-1.3	0.3	-0.3	-1.3
IBR43	28499.4652	35111.8852	86.2818	28499.4652	35111.8859	86.2809	0.0	0.7	-0.9	0.6	-0.3	-0.9
IBR44	28496.8178	35111.0811	86.1938	28496.8178	35111.0818	86.1929	0.0	0.7	-0.9	0.6	-0.3	-0.9
IBR45	28494.1182	35110.2617	86.1157	28494.1182	35110.2627	86.115	0.0	1.0	-0.7	0.9	-0.5	-0.7
IBR46	28491.4337	35109.4637	86.0307	28491.4337	35109.4643	86.0301	0.0	0.6	-0.6	0.5	-0.3	-0.6
IBR47	28488.7495	35108.6877	85.9504	28488.7493	35108.6882	85.95	-0.2	0.5	-0.4	0.5	-0.1	-0.4
IBR48	28486.0549	35107.9167	85.8674	28486.0546	35107.9172	85.8671	-0.3	0.5	-0.3	0.6	0.0	-0.3
IBR49	28483.0205	35107.08	85.7522	28483.0204	35107.0804	85.7521	-0.1	0.4	-0.1	0.4	-0.1	-0.1
IBR50	28480.329	35106.34	85.6741	28480.3289	35106.3403	85.6742	-0.1	0.3	0.1	0.3	0.0	0.1
IBR51	28477.4416	35105.5731	85.5934	28477.4416	35105.5734	85.5937	0.0	0.3	0.3	0.3	-0.1	0.3
IBR52	28474.9222	35104.9017	85.5211	28474.9222	35104.9022	85.5216	0.0	0.5	0.5	0.4	-0.2	0.5
IBR53	28471.8102	35104.0906	85.4164	28471.8102	35104.0906	85.4167	0.0	0.0	0.3	0.0	0.0	0.3
IBR54	28469.5884	35103.5252	85.3683	28469.5883	35103.525	85.3686	-0.1	-0.2	0.3	-0.1	0.2	0.3
IBR55	28467.1715	35102.9101	85.2789	28467.1715	35102.9101	85.2791	0.0	0.0	0.2	0.0	0.0	0.2
IBR56	28462.5524	35101.7489	85.1246	28462.5526	35101.7488	85.1254	0.2	-0.1	0.8	-0.2	-0.1	0.8
IBR57	28457.3133	35100.4664	84.9772	28457.3132	35100.466	84.9781	-0.1	-0.4	0.9	-0.3	0.3	0.9
IBR58	28453.2842	35099.4956	84.8495	28453.2843	35099.4951	84.8503	0.1	-0.5	0.8	-0.5	0.1	0.8
IBR59	28448.9279	35098.4312	84.7139	28448.9278	35098.4309	84.7148	-0.1	-0.3	0.9	-0.2	0.2	0.9
IBR60	28443.6633	35097.1383	84.549	28443.663	35097.1379	84.5506	-0.3	-0.4	1.6	-0.2	0.5	1.6
