Point	Base E	Base N	Base RL	Easting	Northing	Reduced Level	dE	dN	dRL	dx	dy	dz
IBB101	28616.2685	35174.4843	88.5697	28616.2693	35174.4845	88.5701	0.8	0.2	0.4	-0.2	-0.8	0.4
IBB102	28612.0273	35170.6779	88.3948	28612.0282	35170.6774	88.3956	0.9	-0.5	0.8	-0.9	-0.6	0.8
IBB103	28608.8041	35167.7047	88.2711	28608.8049	35167.7051	88.2713	0.8	0.4	0.2	0.0	-0.9	0.2
IBB104	28605.0811	35164.5172	88.129	28605.0815	35164.5173	88.1295	0.4	0.1	0.5	-0.1	-0.4	0.5
IBB105	28601.1909	35161.4041	87.9768	28601.1913	35161.4043	87.977	0.4	0.2	0.2	0.0	-0.4	0.2
IBB106	28598.4228	35159.2386	87.8722	28598.4236	35159.2394	87.8724	0.8	0.8	0.2	0.3	-1.1	0.2
IBB107	28595.6039	35157.079	87.7629	28595.6042	35157.0793	87.7631	0.3	0.3	0.2	0.1	-0.4	0.2
IBB108	28593.3919	35155.4117	87.6753	28593.3922	35155.4121	87.6755	0.3	0.4	0.2	0.2	-0.5	0.2
IBB109	28591.111	35153.7296	87.5894	28591.1113	35153.7299	87.5896	0.3	0.3	0.2	0.1	-0.4	0.2
IBB110	28588.7816	35152.0492	87.4991	28588.782	35152.0496	87.4991	0.4	0.4	0.0	0.2	-0.5	0.0
IBB111	28584.7995	35149.5052	87.3405	28584.7992	35149.5053	87.3404	-0.3	0.1	-0.1	0.2	0.2	-0.1
IBB112	28582.831	35148.0547	87.2748	28582.8307	35148.0548	87.2745	-0.3	0.1	-0.3	0.2	0.2	-0.3
IBB113	28581.2886	35146.825	87.2318	28581.2881	35146.825	87.2319	-0.5	0.0	0.1	0.2	0.4	0.1
IBB114	28578.8655	35145.2284	87.1388	28578.8649	35145.2285	87.1389	-0.6	0.1	0.1	0.4	0.5	0.1
IBB115	28576.505	35143.6828	87.0596	28576.5042	35143.6825	87.0597	-0.8	-0.3	0.1	0.1	0.8	0.1
IBB116	28573.575	35141.8635	86.955	28573.5744	35141.8634	86.9552	-0.6	-0.1	0.2	0.2	0.6	0.2
IBB117	28570.5845	35140.004	86.8455	28570.5839	35140.0037	86.8457	-0.6	-0.3	0.2	0.0	0.7	0.2
IBB118	28567.5497	35138.1324	86.7422	28567.5489	35138.1322	86.7428	-0.8	-0.2	0.6	0.2	0.8	0.6
IBB119	28565.7149	35137.0487	86.6816	28565.7145	35137.048	86.6821	-0.4	-0.7	0.5	-0.4	0.7	0.5
IBB120	28563.2736	35135.6048	86.5966	28563.2732	35135.6044	86.5971	-0.4	-0.4	0.5	-0.2	0.5	0.5
IBB121	28560.1941	35133.8424	86.4897	28560.1934	35133.8424	86.4897	-0.7	0.0	0.0	0.3	0.6	0.0
IBB122	28557.5031	35132.3903	86.3932	28557.5027	35132.3901	86.393	-0.4	-0.2	-0.2	0.0	0.4	-0.2
IBB123	28554.9843	35131.0199	86.3089	28554.984	35131.0195	86.309	-0.3	-0.4	0.1	-0.2	0.5	0.1
IBB124	28552.5109	35129.7042	86.2201	28552.5108	35129.704	86.2206	-0.1	-0.2	0.5	-0.1	0.2	0.5
IBB125	28550.0265	35128.3888	86.1457	28550.0265	35128.388	86.1455	0.0	-0.8	-0.2	-0.7	0.4	-0.2
IBB126	28546.9205	35126.812	86.0411	28546.9203	35126.8116	86.0413	-0.2	-0.4	0.2	-0.3	0.4	0.2
IBB127	28544.3875	35125.5733	85.9594	28544.3878	35125.5725	85.9581	0.3	-0.8	-1.3	-0.8	0.1	-1.3
IBB128	28541.8443	35124.4329	85.8743	No Data	No Data	No Data	No Data	No Data	No Data	No Data	No Data	No Data
IBB129	28539.2832	35123.2186	85.7922	28539.2831	35123.2189	85.7921	-0.1	0.3	-0.1	0.3	0.0	-0.1
IBB130	28536.7317	35121.9781	85.7061	28536.7314	35121.9781	85.7065	-0.3	0.0	0.4	0.1	0.3	0.4
IBB131	28533.5422	35120.5498	85.6034	No Data	No Data	No Data	No Data	No Data	No Data	No Data	No Data	No Data
IBB132	28530.916	35119.4147	85.5177	28530.9156	35119.4148	85.5184	-0.4	0.1	0.7	0.3	0.3	0.7
IBB133	28528.9479	35118.6688	85.4391	28528.9475	35118.6683	85.4387	-0.4	-0.5	-0.4	-0.3	0.6	-0.4
IBB134	28525.8057	35117.3319	85.3398	28525.8052	35117.3315	85.3382	-0.5	-0.4	-1.6	-0.1	0.6	-1.6
IBB135	28522.5441	35116.0553	85.231	28522.5438	35116.0552	85.231	-0.3	-0.1	0.0	0.0	0.3	0.0
IBB136	28520.4973	35115.2313	85.1685	28520.497	35115.2315	85.168	-0.3	0.2	-0.5	0.3	0.2	-0.5
IBB137	28517.803	35114.2311	85.088	28517.8026	35114.2312	85.0874	-0.4	0.1	-0.6	0.3	0.3	-0.6
IBB138	28515.0394	35113.2246	84.9958	28515.0391	35113.2245	84.9955	-0.3	-0.1	-0.3	0.0	0.3	-0.3
IBB139	28510.8215	35111.7945	84.857	28510.8209	35111.7945	84.8567	-0.6	0.0	-0.3	0.3	0.5	-0.3
IBB140	28509.0056	35111.1452	84.8034	28509.0054	35111.1453	84.8026	-0.2	0.1	-0.8	0.2	0.1	-0.8
IBB141	28506.9615	35110.4488	84.7401	28506.9613	35110.449	84.7388	-0.2	0.2	-1.3	0.3	0.1	-1.3
IBB142	28503.6453	35109.3847	84.6269	28503.6451	35109.385	84.6262	-0.2	0.3	-0.7	0.4	0.0	-0.7
IBB143	28500.9017	35108.5513	84.5374	28500.9017	35108.5516	84.5366	0.0	0.3	-0.8	0.3	-0.1	-0.8
IBB144	28497.5879	35107.6199	84.4288	28497.5877	35107.6203	84.4283	-0.2	0.4	-0.5	0.4	0.0	-0.5
IBB145	28494.9398	35106.9938	84.3291	28494.9396	35106.9942	84.3286	-0.2	0.4	-0.5	0.4	0.0	-0.5
IBB146	28491.9026	35106.0372	84.2416	28491.9027	35106.0376	84.2415	0.1	0.4	-0.1	0.3	-0.3	-0.1
IBB147	28489.4468	35105.2142	84.1719	28489.4468	35105.2146	84.1718	0.0	0.4	-0.1	0.4	-0.2	-0.1
IBB148	28486.654	35104.4135	84.0857	28486.6538	35104.414	84.0859	-0.2	0.5	0.2	0.5	-0.1	0.2
IBB149	28483.9104	35103.6452	84.0015	28483.9102	35103.6454	84.0014	-0.2	0.2	-0.1	0.3	0.1	-0.1
IBB150	28480.4237	35102.7157	83.8906	28480.4236	35102.716	83.8907	-0.1	0.3	0.1	0.3	0.0	0.1
IBB151	28477.7187	35102.0227	83.8082	28477.7186	35102.0231	83.8087	-0.1	0.4	0.5	0.4	-0.1	0.5
IBB152	28475.0216	35101.3822	83.7253	28475.0218	35101.3823	83.7257	0.2	0.1	0.4	0.0	-0.2	0.4
IBB153	28473.0462	35100.7971	83.6668	28473.0462	35100.797	83.667	0.0	-0.1	0.2	-0.1	0.0	0.2
IBB154	28471.2293	35100.324	83.6083	28471.2295	35100.324	83.6086	0.2	0.0	0.3	-0.1	-0.2	0.3
IBB155	28468.2324	35099.5579	83.5206	28468.2324	35099.5579	83.5209	0.0	0.0	0.3	0.0	0.0	0.3
IBB156	28463.001	35098.2818	83.3551	28463.0011	35098.2815	83.3556	0.1	-0.3	0.5	-0.3	0.0	0.5
IBB157	28458.2288	35097.1692	83.2057	28458.2288	35097.169	83.2068	0.0	-0.2	1.1	-0.2	0.1	1.1
IBB158	28454.6108	35096.2887	83.0962	28454.6109	35096.2884	83.0963	0.1	-0.3	0.1	-0.3	0.0	0.1
IBB159	28449.8853	35095.1228	82.9471	28449.8851	35095.123	82.9472	-0.2	0.2	0.1	0.3	0.1	0.1
IBB160	28445.1653	35093.9973	82.8026	28445.1654	35093.9977	82.8031	0.1	0.4	0.5	0.3	-0.3	0.5
IBB201	28615.7523	35175.0124	88.5249	28615.7533	35175.0136	88.5256	1.0	1.2	0.7	0.6	-1.4	0.7
IBB202	28612.0813	35171.7082	88.3807	28612.0819	35171.7085	88.3803	0.6	0.3	-0.4	0.0	-0.7	-0.4
IBB203	28608.2225	35168.4498	88.2236	28608.2232	35168.4495	88.2234	0.7	-0.3	-0.2	-0.6	-0.5	-0.2
IBB204	28604.4519	35165.2688	88.0741	28604.453	35165.2689	88.0739	1.1	0.1	-0.2	-0.4	-1.0	-0.2
IBB205	28600.5603	35162.1434	87.9226	28600.5612	35162.1436	87.9228	0.9	0.2	0.2	-0.2	-0.9	0.2
IBB206	28597.8554	35159.9289	87.8238	28597.8558	35159.929	87.8242	0.4	0.1	0.4	-0.1	-0.4	0.4
IBB207	28595.0092	35157.7614	87.716	28595.0098	35157.7619	87.7161	0.6	0.5	0.1	0.2	-0.8	0.1
IBB208	28592.8955	35156.1161	87.6297	28592.8959	35156.1166	87.63	0.4	0.5	0.3	0.3	-0.6	0.3
IBB209	28590.603	35154.4553	87.5417	28590.6031	35154.4555	87.5419	0.1	0.2	0.2	0.1	-0.2	0.2
IBB210	28588.197	35152.7539	87.4516	28588.1972	35152.7547	87.4516	0.2	0.8	0.0	0.6	-0.5	0.0
IBB211	28584.4348	35149.9706	87.3091	28584.4347	35149.9707	87.3094	-0.1	0.1	0.3	0.1	0.0	0.3
IBB212	28582.5031	35148.6281	87.2455	28582.5027	35148.6282	87.2456	-0.4	0.1	0.1	0.3	0.3	0.1
IBB213	28580.786	35147.5604	87.183	28580.7859	35147.5607	87.1831	-0.1	0.3	0.1	0.3	0.0	0.1
IBB214	28578.4085	35145.9882	87.0993	28578.4079	35145.9884	87.0995	-0.6	0.2	0.2	0.5	0.4	0.2
IBB215	28576.0318	35144.3804	87.0118	28576.0309	35144.3802	87.012	-0.9	-0.2	0.2	0.2	0.9	0.2
IBB216	28573.179	35142.5653	86.9127	28573.1787	35142.5654	86.9129	-0.3	0.1	0.2	0.2	0.2	0.2
IBB217	28570.21	35140.6854	86.8062	28570.2094	35140.685	86.8063	-0.6	-0.4	0.1	-0.1	0.7	0.1
IBB218	28567.1775	35138.832	86.6972	28567.177	35138.8316	86.6975	-0.5	-0.4	0.3	-0.1	0.6	0.3
IBB219	28565.3171	35137.7451	86.6356	28565.3167	35137.7449	86.6365	-0.4	-0.2	0.9	0.0	0.4	0.9
IBB220	28562.8411	35136.3202	86.5513	28562.8408	35136.32	86.5519	-0.3	-0.2	0.6	0.0	0.4	0.6
IBB221	28559.776	35134.5876	86.4408	28559.7755	35134.5872	86.4412	-0.5	-0.4	0.4	-0.1	0.6	0.4
IBB222	28557.1313	35133.0263	86.3578	28557.1311	35133.0263	86.358	-0.2	0.0	0.2	0.1	0.2	0.2
IBB223	28554.5731	35131.7356	86.2602	28554.5728	35131.7353	86.2603	-0.3	-0.3	0.1	-0.1	0.4	0.1
IBB224	28552.1401	35130.4449	86.1784	28552.1402	35130.4445	86.1784	0.1	-0.4	0.0	-0.4	0.1	0.0
IBB225	28549.6782	35129.0921	86.1048	28549.6781	35129.0913	86.105	-0.1	-0.8	0.2	-0.7	0.5	0.2
IBB226	28546.5251	35127.5713	85.9948	28546.525	35127.5711	85.9948	-0.1	-0.2	0.0	-0.1	0.2	0.0
IBB227	28544.0123	35126.3439	85.9155	28544.012	35126.3435	85.9159	-0.3	-0.4	0.4	-0.2	0.5	0.4
IBB228	28541.4802	35125.1182	85.8325	28541.4801	35125.118	85.8327	-0.1	-0.2	0.2	-0.1	0.2	0.2
IBB229	28538.9897	35123.8715	85.7522	28538.9894	35123.8716	85.7524	-0.3	0.1	0.2	0.2	0.2	0.2
IBB230	28535.8784	35122.3253	85.6517	28535.8779	35122.3258	85.6522	-0.5	0.5	0.5	0.7	0.2	0.5
IBB231	28533.1807	35121.3107	85.556	No Data	No Data	No Data	No Data	No Data	No Data	No Data	No Data	No Data
IBB232	28530.1887	35119.8195	85.4679	28530.1884	35119.8201	85.4691	-0.3	0.6	1.2	0.7	0.0	1.2
IBB233	28528.6229	35119.3744	85.4008	28528.6228	35119.374	85.4004	-0.1	-0.4	-0.4	-0.3	0.3	-0.4
IBB234	28525.4351	35118.0821	85.2951	28525.4343	35118.0825	85.2944	-0.8	0.4	-0.7	0.7	0.5	-0.7
IBB235	28522.2627	35116.7925	85.1936	28522.2622	35116.7924	85.1932	-0.5	-0.1	-0.4	0.1	0.5	-0.4
IBB236	28520.1509	35116.0309	85.1209	28520.1507	35116.0311	85.12	-0.2	0.2	-0.9	0.3	0.1	-0.9
IBB237	28517.4998	35115.0216	85.0414	28517.4993	35115.0216	85.0406	-0.5	0.0	-0.8	0.2	0.4	-0.8
IBB238	28514.7117	35114.0246	84.9568	28514.7114	35114.0244	84.9563	-0.3	-0.2	-0.5	0.0	0.4	-0.5
IBB239	28510.5857	35112.5004	84.8222	28510.5854	35112.5005	84.822	-0.3	0.1	-0.2	0.2	0.2	-0.2
IBB240	28508.7501	35111.9691	84.7628	28508.7499	35111.969	84.7622	-0.2	-0.1	-0.6	0.0	0.2	-0.6
IBB241	28506.7499	35111.2929	84.7021	28506.7498	35111.2929	84.7015	-0.1	0.0	-0.6	0.0	0.1	-0.6
IBB242	28503.3926	35110.2021	84.5947	28503.3926	35110.2022	84.5934	0.0	0.1	-1.3	0.1	0.0	-1.3
IBB243	28500.6997	35109.3505	84.5062	28500.6996	35109.3508	84.5053	-0.1	0.3	-0.9	0.3	0.0	-0.9
IBB244	28497.3873	35108.3362	84.4023	28497.3871	35108.3368	84.4017	-0.2	0.6	-0.6	0.6	-0.1	-0.6
IBB245	28494.577	35107.5261	84.3058	28494.5769	35107.5264	84.3053	-0.1	0.3	-0.5	0.3	0.0	-0.5
IBB246	28491.7926	35106.6355	84.2196	28491.7925	35106.6358	84.2192	-0.1	0.3	-0.4	0.3	0.0	-0.4
IBB247	28489.2605	35105.9666	84.146	28489.2605	35105.9671	84.1459	0.0	0.5	-0.1	0.4	-0.2	-0.1
IBB248	28486.3805	35105.145	84.0604	28486.3804	35105.1457	84.0602	-0.1	0.7	-0.2	0.7	-0.2	-0.2
IBB249	28483.833	35104.4304	83.9885	28483.8329	35104.4309	83.9885	-0.1	0.5	0.0	0.5	-0.1	0.0
IBB250	28480.2694	35103.4519	83.8819	28480.2695	35103.4524	83.882	0.1	0.5	0.1	0.4	-0.3	0.1
IBB251	28477.5795	35102.7062	83.7977	28477.5795	35102.7065	83.7977	0.0	0.3	0.0	0.3	-0.1	0.0
IBB252	28474.896	35102.0254	83.712	28474.8962	35102.0257	83.7121	0.2	0.3	0.1	0.2	-0.3	0.1
IBB253	28473.0264	35101.5515	83.6575	28473.0266	35101.5517	83.6581	0.2	0.2	0.6	0.1	-0.3	0.6
IBB254	28470.9988	35101.0372	83.5961	28470.9988	35101.0372	83.5965	0.0	0.0	0.4	0.0	0.0	0.4
IBB255	28468.0692	35100.2928	83.507	28468.0691	35100.2927	83.5074	-0.1	-0.1	0.4	0.0	0.1	0.4
IBB256	28462.8154	35098.9464	83.3481	28462.8154	35098.9464	83.349	0.0	0.0	0.9	0.0	0.0	0.9
IBB257	28458.0112	35097.7767	83.2034	28458.011	35097.7766	83.2042	-0.2	-0.1	0.8	0.0	0.2	0.8
IBB258	28454.424	35096.9073	83.0929	28454.4238	35096.9075	83.0941	-0.2	0.2	1.2	0.3	0.1	1.2
IBB259	28449.7025	35095.698	82.9467	28449.7022	35095.6983	82.9471	-0.3	0.3	0.4	0.4	0.1	0.4
IBB260	28444.9178	35094.5445	82.7976	28444.9176	35094.545	82.7985	-0.2	0.5	0.9	0.5	-0.1	0.9
IBC01	28615.0532	35174.7295	93.0946	28615.0535	35174.7295	93.0949	0.3	0.0	0.3	-0.1	-0.3	0.3
IBC02	28612.2372	35172.2027	93.0044	28612.2377	35172.203	93.0049	0.5	0.3	0.5	0.0	-0.6	0.5
IBC03	28608.547	35169.003	92.8474	28608.5472	35169.0036	92.8477	0.2	0.6	0.3	0.4	-0.5	0.3
IBC04	28605.1541	35166.1609	92.6821	28605.1545	35166.1616	92.6821	0.4	0.7	0.0	0.4	-0.7	0.0
IBC05	28601.5041	35163.1739	92.5228	28601.5045	35163.1742	92.5229	0.4	0.3	0.1	0.1	-0.5	0.1
IBC06	28598.6495	35160.8835	92.4086	28598.6501	35160.8838	92.4087	0.6	0.3	0.1	0.0	-0.7	0.1
IBC07	28595.7007	35158.585	92.3269	28595.7009	35158.5851	92.3272	0.2	0.1	0.3	0.0	-0.2	0.3
IBC08	28593.6565	35157.0294	92.2633	28593.6569	35157.0299	92.2638	0.4	0.5	0.5	0.3	-0.6	0.5
IBC09	28591.4702	35155.3163	92.203	28591.4705	35155.3169	92.2034	0.3	0.6	0.4	0.4	-0.5	0.4
IBC10	28589.1233	35153.6962	92.1235	28589.1232	35153.6965	92.1237	-0.1	0.3	0.2	0.3	0.0	0.2
IBC11	28586.8392	35152.0547	92.0414	28586.839	35152.055	92.0417	-0.2	0.3	0.3	0.4	0.0	0.3
IBC12	28584.3369	35150.2946	91.9307	28584.336	35150.2949	91.9313	-0.9	0.3	0.6	0.7	0.7	0.6
IBC13	28582.2206	35148.8288	91.8379	28582.2202	35148.8289	91.8381	-0.4	0.1	0.2	0.3	0.3	0.2
IBC14	28579.5107	35147.0043	91.7364	28579.5099	35147.0045	91.7367	-0.8	0.2	0.3	0.5	0.6	0.3
IBC15	28576.5752	35145.0649	91.635	28576.5748	35145.0653	91.6354	-0.4	0.4	0.4	0.5	0.2	0.4
IBC16	28573.0966	35142.94	91.5014	28573.0956	35142.9403	91.5019	-1.0	0.3	0.5	0.7	0.7	0.5
IBC17	28570.275	35141.0667	91.3929	28570.2741	35141.067	91.3933	-0.9	0.3	0.4	0.7	0.7	0.4
IBC18	28567.0592	35139.1125	91.2701	28567.0581	35139.1127	91.2709	-1.1	0.2	0.8	0.7	0.9	0.8
IBC19	28565.2744	35138.0548	91.1968	28565.2734	35138.0549	91.1968	-1.0	0.1	0.0	0.5	0.8	0.0
IBC20	28562.8651	35136.6499	91.1072	28562.8644	35136.6501	91.1073	-0.7	0.2	0.1	0.5	0.5	0.1
IBC21	28559.8127	35134.8979	91.012	28559.812	35134.898	91.0116	-0.7	0.1	-0.4	0.4	0.6	-0.4
IBC22	28557.3566	35133.5272	90.9276	28557.3559	35133.5271	90.9273	-0.7	-0.1	-0.3	0.2	0.7	-0.3
IBC23	28554.7306	35132.0813	90.8473	28554.7304	35132.081	90.8461	-0.2	-0.3	-1.2	-0.2	0.3	-1.2
IBC24	28552.3858	35130.5057	90.7742	28552.3853	35130.5052	90.7742	-0.5	-0.5	0.0	-0.2	0.7	0.0
IBC25	28549.1725	35129.144	90.6608	28549.1724	35129.1438	90.6594	-0.1	-0.2	-1.4	-0.1	0.2	-1.4
IBC26	28546.6804	35127.8886	90.5799	28546.6803	35127.8882	90.5784	-0.1	-0.4	-1.5	-0.3	0.3	-1.5
IBC27	28543.5016	35126.3164	90.4698	28543.5017	35126.3154	90.4676	0.1	-1.0	-2.2	-0.9	0.4	-2.2
IBC28	28540.9777	35125.0993	90.378	28540.9781	35125.0982	90.3758	0.4	-1.1	-2.2	-1.2	0.2	-2.2
IBC29	28538.555	35123.6654	90.2992	28538.5552	35123.6644	90.2968	0.2	-1.0	-2.4	-1.0	0.3	-2.4
IBC30	28536.5582	35123.0588	90.2221	28536.5583	35123.0575	90.22	0.1	-1.3	-2.1	-1.2	0.5	-2.1
IBC31	28533.3427	35121.6372	90.1237	28533.3426	35121.6363	90.1218	-0.1	-0.9	-1.9	-0.8	0.5	-1.9
IBC32	28530.7886	35120.5277	90.0515	28530.7887	35120.528	90.0509	0.1	0.3	-0.6	0.2	-0.2	-0.6
IBC33	28528.6421	35119.6251	89.9952	28528.6419	35119.6245	89.9954	-0.2	-0.6	0.2	-0.4	0.5	0.2
IBC34	28525.4263	35118.3066	89.8973	28525.4262	35118.3061	89.8962	-0.1	-0.5	-1.1	-0.4	0.3	-1.1
IBC35	28522.3275	35117.0605	89.7988	28522.3275	35117.0595	89.7977	0.0	-1.0	-1.1	-0.9	0.5	-1.1
IBC36	28520.3925	35116.313	89.7399	28520.3928	35116.312	89.7384	0.3	-1.0	-1.5	-1.0	0.2	-1.5
IBC37	28517.5708	35115.2537	89.653	28517.5708	35115.2519	89.6513	0.0	-1.8	-1.7	-1.6	0.8	-1.7
IBC38	28514.9355	35114.3115	89.5645	28514.935877306	35114.3094211832	89.5623	0.4	-2.1	-2.2	-2.0	0.6	-2.2
IBC39	28512.7943	35113.2586	89.5052	28512.7945163146	35113.2563085878	89.503	0.2	-2.3	-2.2	-2.1	0.9	-2.2
IBC40	28508.7351	35112.1741	89.3491	28508.7356858189	35112.1722522901	89.3466	0.6	-1.8	-2.5	-1.9	0.3	-2.5
IBC41	28507.0876	35111.3217	89.3051	28507.0885695043	35111.3199437023	89.3024	1.0	-1.8	-2.7	-2.0	-0.1	-2.7
IBC42	28503.4876	35110.141	89.1884	28503.4881	35110.1409	89.1868	0.5	-0.1	-1.6	-0.3	-0.4	-1.6
IBC43	28500.6101	35109.2273	89.105	28500.6104	35109.2275	89.1036	0.3	0.2	-1.4	0.0	-0.4	-1.4
IBC44	28497.5453	35108.4651	88.9995	28497.5456	35108.4657	88.9984	0.3	0.6	-1.1	0.4	-0.5	-1.1
IBC45	28494.7137	35107.968	88.887	28494.7139	35107.9686	88.8861	0.2	0.6	-0.9	0.4	-0.5	-0.9
IBC46	28491.226	35106.9994	88.7717	28491.2261	35106.9999	88.771	0.1	0.5	-0.7	0.4	-0.3	-0.7
IBC47	28489.1857	35106.1595	88.7306	28489.1856	35106.1601	88.7301	-0.1	0.6	-0.5	0.6	-0.2	-0.5
IBC48	28486.7067	35105.4652	88.6467	28486.7067	35105.4656	88.6463	0.0	0.4	-0.4	0.4	-0.2	-0.4
IBC49	28483.825	35104.5396	88.5639	28483.825	35104.5401	88.5637	0.0	0.5	-0.2	0.4	-0.2	-0.2
IBC50	28480.5162	35103.7003	88.4698	28480.5164	35103.7008	88.47	0.2	0.5	0.2	0.4	-0.4	0.2
IBC51	28477.7992	35102.9869	88.3946	28477.7993	35102.9872	88.3947	0.1	0.3	0.1	0.2	-0.2	0.1
IBC52	28475.0785	35102.2568	88.3083	28475.0787	35102.2574	88.3088	0.2	0.6	0.5	0.4	-0.5	0.5
IBC53	28472.9937	35101.5964	88.2453	28472.9938	35101.5968	88.2459	0.1	0.4	0.6	0.3	-0.3	0.6
IBC54	28471.0176	35101.2071	88.1723	28471.0176	35101.2075	88.1724	0.0	0.4	0.1	0.4	-0.2	0.1
IBC55	28467.7666	35100.2089	88.0875	28467.7669	35100.209	88.0882	0.3	0.1	0.7	0.0	-0.3	0.7
IBC56	28462.8678	35099.1631	87.9242	28462.868	35099.1629	87.9249	0.2	-0.2	0.7	-0.3	-0.1	0.7
IBC57	28457.8964	35097.6602	87.7948	28457.8965	35097.66	87.7954	0.1	-0.2	0.6	-0.2	0.0	0.6
IBC58	28453.8696	35096.7476	87.6707	28453.8697	35096.7473	87.6716	0.1	-0.3	0.9	-0.3	0.0	0.9
IBC59	28449.286	35095.5754	87.5263	28449.2862	35095.5753	87.5273	0.2	-0.1	1.0	-0.2	-0.1	1.0
IBC60	28443.7948	35094.511	87.3423	28443.7949	35094.5115	87.3432	0.1	0.5	0.9	0.4	-0.3	0.9
IBL01	28617.4778	35173.1734	88.978	28617.4784	35173.1729	88.9779	0.6	-0.5	-0.1	-0.7	-0.3	-0.1
IBL02	28612.6896	35168.8935	88.8395	28612.6901	35168.8934	88.8397	0.5	-0.1	0.2	-0.3	-0.4	0.2
IBL03	28609.3134	35165.981	88.6951	28609.3139	35165.9811	88.6949	0.5	0.1	-0.2	-0.1	-0.5	-0.2
IBL04	28605.1651	35162.526	88.4911	28605.166	35162.5264	88.491	0.9	0.4	-0.1	-0.1	-1.0	-0.1
IBL05	28601.6805	35159.7154	88.3446	28601.6812	35159.7159	88.3447	0.7	0.5	0.1	0.1	-0.9	0.1
IBL06	28599.4572	35157.9588	88.2557	28599.4574	35157.959	88.2558	0.2	0.2	0.1	0.1	-0.3	0.1
IBL07	28597.3152	35156.2951	88.1937	28597.3159	35156.2954	88.1939	0.7	0.3	0.2	-0.1	-0.8	0.2
IBL08	28594.5948	35154.2419	88.0952	28594.5954	35154.2422	88.0953	0.6	0.3	0.1	0.0	-0.7	0.1
IBL09	28592.312	35152.5153	88.0857	28592.3123	35152.5155	88.0859	0.3	0.2	0.2	0.0	-0.4	0.2
IBL10	28590.2833	35151.5621	87.5824	28590.2837	35151.5623	87.5824	0.4	0.2	0.0	0.0	-0.4	0.0
IBL11	28585.4329	35147.308	89.4859	28585.4324	35147.3081	89.486	-0.5	0.1	0.1	0.3	0.4	0.1
IBL12	28584.0637	35146.6657	87.7812	28584.0634	35146.6655	87.7813	-0.3	-0.2	0.1	0.0	0.4	0.1
IBL13	28581.7393	35145.0844	87.7357	28581.7386	35145.0841	87.7356	-0.7	-0.3	-0.1	0.1	0.8	-0.1
IBL14	28579.3855	35143.546	87.6074	28579.385	35143.5459	87.6075	-0.5	-0.1	0.1	0.1	0.5	0.1
IBL15	28577.0982	35142.0454	87.5352	28577.0978	35142.0451	87.5351	-0.4	-0.3	-0.1	-0.1	0.5	-0.1
IBL16	28573.7318	35139.9329	87.3666	28573.7311	35139.9329	87.367	-0.7	0.0	0.4	0.3	0.6	0.4
IBL17	28571.3949	35138.4676	87.2956	28571.394	35138.4675	87.2956	-0.9	-0.1	0.0	0.3	0.8	0.0
IBL18	28569.8014	35137.4743	87.2769	28569.8008	35137.4745	87.2776	-0.6	0.2	0.7	0.5	0.4	0.7
IBL19	28567.7894	35136.301	87.154	28567.7888	35136.3012	87.1542	-0.6	0.2	0.2	0.5	0.4	0.2
IBL20	28565.3105	35134.7943	87.1326	28565.3102	35134.7944	87.1323	-0.3	0.1	-0.3	0.2	0.2	-0.3
IBL21	28562.8601	35133.4003	87.0025	28562.8602	35133.4003	87.0029	0.1	0.0	0.4	0.0	-0.1	0.4
IBL22	28559.6444	35131.5401	86.9694	28559.6441	35131.5397	86.9691	-0.3	-0.4	-0.3	-0.2	0.5	-0.3
IBL23	28557.2267	35130.205	86.8909	28557.2266	35130.2043	86.8904	-0.1	-0.7	-0.5	-0.6	0.4	-0.5
IBL24	28554.7332	35128.8487	86.8259	28554.733	35128.8482	86.8257	-0.2	-0.5	-0.2	-0.4	0.4	-0.2
IBL25	28552.1776	35127.5797	86.5921	28552.1777	35127.5793	86.5916	0.1	-0.4	-0.5	-0.4	0.1	-0.5
IBL26	28549.0213	35125.9008	86.5993	28549.0213	35125.8997	86.5994	0.0	-1.1	0.1	-1.0	0.5	0.1
IBL27	28546.0952	35124.4731	86.4512	28546.0953	35124.4725	86.4503	0.1	-0.6	-0.9	-0.6	0.2	-0.9
IBL28	28543.4999	35123.2529	86.2885	28543.5002	35123.2519	86.2883	0.3	-1.0	-0.2	-1.0	0.2	-0.2
IBL29	28540.1046	35121.61	86.2321	28540.1049	35121.6093	86.2314	0.3	-0.7	-0.7	-0.8	0.1	-0.7
IBL30	28537.703	35120.5159	86.1397	28537.7034	35120.5144	86.1396	0.4	-1.5	-0.1	-1.5	0.3	-0.1
IBL31	28534.9324	35119.2741	86.06	28534.9325	35119.2727	86.0593	0.1	-1.4	-0.7	-1.3	0.6	-0.7
IBL32	28531.8194	35117.9111	85.9785	28531.8194	35117.9102	85.9788	0.0	-0.9	0.3	-0.8	0.4	0.3
IBL33	28529.5695	35116.9751	85.9167	28529.5691	35116.9751	85.9167	-0.4	0.0	0.0	0.2	0.4	0.0
IBL34	28527.34	35116.0681	85.8358	28527.3399	35116.0679	85.8352	-0.1	-0.2	-0.6	-0.1	0.2	-0.6
IBL35	28525.3024	35115.2347	85.7938	28525.3023	35115.2342	85.7933	-0.1	-0.5	-0.5	-0.4	0.3	-0.5
IBL36	28522.6824	35114.1986	85.7151	28522.6821	35114.1983	85.7147	-0.3	-0.3	-0.4	-0.1	0.4	-0.4
IBL37	28519.8315	35113.109	85.6318	28519.8312	35113.1089	85.6312	-0.3	-0.1	-0.6	0.0	0.3	-0.6
IBL38	28516.1034	35111.7649	85.4818	28516.1034	35111.7644	85.4814	0.0	-0.5	-0.4	-0.4	0.2	-0.4
IBL39	28513.5279	35110.8622	85.4001	28513.5283	35110.861	85.3992	0.4	-1.2	-0.9	-1.2	0.2	-0.9
IBL40	28510.519	35109.8317	85.2836	28510.5196	35109.83	85.282	0.6	-1.7	-1.6	-1.8	0.3	-1.6
IBL41	28508.068	35109.0111	85.1831	28508.0684	35109.0099	85.1816	0.4	-1.2	-1.5	-1.2	0.2	-1.5
IBL42	28504.8424	35107.9277	85.1187	28504.8423	35107.9278	85.1173	-0.1	0.1	-1.4	0.1	0.0	-1.4
IBL43	28501.1397	35106.7549	84.9823	28501.1395	35106.7551	84.9812	-0.2	0.2	-1.1	0.3	0.1	-1.1
IBL44	28498.7938	35106.0436	84.8812	28498.7936	35106.0438	84.8804	-0.2	0.2	-0.8	0.3	0.1	-0.8
IBL45	28496.9165	35105.461	84.8435	28496.9163	35105.4613	84.843	-0.2	0.3	-0.5	0.4	0.0	-0.5
IBL46	28491.3806	35103.8227	84.6681	28491.3805	35103.8229	84.6677	-0.1	0.2	-0.4	0.2	0.0	-0.4
IBL47	28489.9425	35103.4247	84.6012	28489.9425	35103.4251	84.6009	0.0	0.4	-0.3	0.4	-0.2	-0.3
IBL48	28487.7376	35102.531	86.3308	28487.7376	35102.5311	86.3306	0.0	0.1	-0.2	0.1	0.0	-0.2
IBL49	28483.6656	35101.4101	86.2166	28483.6657	35101.4107	86.2165	0.1	0.6	-0.1	0.5	-0.4	-0.1
IBL50	28480.9458	35100.6612	86.0735	28480.9456	35100.6618	86.0733	-0.2	0.6	-0.2	0.6	-0.1	-0.2
IBL51	28478.2183	35099.9403	85.9662	28478.2184	35099.941	85.966	0.1	0.7	-0.2	0.6	-0.4	-0.2
IBL52	28476.3447	35099.4691	86.08	28476.3447	35099.4698	86.0804	0.0	0.7	0.4	0.6	-0.3	0.4
IBL53	28474.1361	35098.8977	86.0003	28474.136	35098.8984	86.0012	-0.1	0.7	0.9	0.7	-0.2	0.9
IBL54	28471.6067	35098.2415	85.9221	28471.6066	35098.2421	85.9221	-0.1	0.6	0.0	0.6	-0.2	0.0
IBL55	28468.6942	35097.4829	85.7652	28468.6942	35097.4835	85.7657	0.0	0.6	0.5	0.5	-0.3	0.5
IBL56	28463.2311	35096.1251	85.5998	28463.2312	35096.1252	85.6002	0.1	0.1	0.4	0.0	-0.1	0.4
IBL57	28459.1311	35095.1147	85.4891	28459.131	35095.115	85.49	-0.1	0.3	0.9	0.3	0.0	0.9
IBL58	28454.1026	35093.9035	85.3368	28454.1026	35093.9036	85.3376	0.0	0.1	0.8	0.1	0.0	0.8
IBL59	28449.7773	35092.866	85.2585	28449.7776	35092.8655	85.2592	0.3	-0.5	0.7	-0.6	0.0	0.7
IBL60	28445.908	35092.0937	85.1186	28445.9082	35092.0941	85.1197	0.2	0.4	1.1	0.3	-0.4	1.1
IBR01	28613.6887	35176.9636	90.2834	28613.689	35176.9637	90.284	0.3	0.1	0.6	0.0	-0.3	0.6
IBR02	28609.5423	35173.2684	90.139	28609.5428	35173.2687	90.1391	0.5	0.3	0.1	0.0	-0.6	0.1
IBR03	28606.2349	35170.4209	89.991	28606.2353	35170.421	89.9912	0.4	0.1	0.2	-0.1	-0.4	0.2
IBR04	28602.132	35166.9917	89.7923	28602.1323	35166.9921	89.7924	0.3	0.4	0.1	0.2	-0.5	0.1
IBR05	28598.5474	35164.0928	89.6372	28598.5477	35164.093	89.6373	0.3	0.2	0.1	0.0	-0.4	0.1
IBR06	28596.1875	35162.2196	89.5496	28596.1878	35162.22	89.5499	0.3	0.4	0.3	0.2	-0.5	0.3
IBR07	28594.1855	35160.6601	89.4894	28594.1857	35160.6607	89.4896	0.2	0.6	0.2	0.4	-0.5	0.2
IBR08	28591.1485	35158.3617	89.3841	28591.1485	35158.3621	89.3842	0.0	0.4	0.1	0.4	-0.2	0.1
IBR09	28588.6314	35156.5093	89.3206	28588.6313	35156.5096	89.3207	-0.1	0.3	0.1	0.3	0.0	0.1
IBR10	28586.0168	35154.635	89.2266	28586.0164	35154.6357	89.2267	-0.4	0.7	0.1	0.8	0.0	0.1
IBR11	28583.7278	35153.02	89.1404	28583.7272	35153.0207	89.1406	-0.6	0.7	0.2	0.9	0.2	0.2
IBR12	28581.4446	35151.4378	89.0436	28581.4443	35151.4381	89.0438	-0.3	0.3	0.2	0.4	0.1	0.2
IBR13	28579.1391	35149.8718	88.9561	28579.1388	35149.872	88.9562	-0.3	0.2	0.1	0.3	0.2	0.1
IBR14	28576.8204	35148.3228	88.8735	28576.8195	35148.3231	88.8737	-0.9	0.3	0.2	0.7	0.7	0.2
IBR15	28574.4938	35146.8045	88.7928	28574.4935	35146.8045	88.7931	-0.3	0.0	0.3	0.1	0.3	0.3
IBR16	28571.7175	35145.0295	88.6988	28571.7169	35145.0297	88.6994	-0.6	0.2	0.6	0.5	0.4	0.6
IBR17	28568.9934	35143.3302	88.5972	28568.9926	35143.3301	88.5978	-0.8	-0.1	0.6	0.3	0.8	0.6
IBR18	28565.8128	35141.3935	88.4714	28565.8126	35141.3934	88.4717	-0.2	-0.1	0.3	0.0	0.2	0.3
IBR19	28564.2455	35140.4637	88.4087	28564.245	35140.4637	88.4089	-0.5	0.0	0.2	0.2	0.4	0.2
IBR20	28561.0094	35138.5762	88.2807	28561.0087	35138.5762	88.2806	-0.7	0.0	-0.1	0.3	0.6	-0.1
IBR21	28558.5967	35137.1973	88.2084	28558.5963	35137.1972	88.2085	-0.4	-0.1	0.1	0.1	0.4	0.1
IBR22	28556.4767	35136.005	88.1298	28556.4761	35136.0047	88.1297	-0.6	-0.3	-0.1	0.0	0.7	-0.1
IBR23	28552.9744	35134.0883	88.0296	28552.9738	35134.0884	88.0288	-0.6	0.1	-0.8	0.4	0.5	-0.8
IBR24	28551.2843	35133.1813	87.9761	28551.2837	35133.1816	87.9754	-0.6	0.3	-0.7	0.5	0.4	-0.7
IBR25	28548.8331	35131.8964	87.8887	28548.8327	35131.8964	87.8879	-0.4	0.0	-0.8	0.2	0.4	-0.8
IBR26	28545.5895	35130.2478	87.7785	28545.5891	35130.2478	87.7773	-0.4	0.0	-1.2	0.2	0.4	-1.2
IBR27	28543.0855	35129.0125	87.6269	28543.0853	35129.0125	87.6256	-0.2	0.0	-1.3	0.1	0.2	-1.3
IBR28	28540.586	35127.8016	87.6127	28540.5845	35127.8024	87.6124	-1.5	0.8	-0.3	0.0	-1.7	-0.3
IBR29	28537.613	35126.4085	87.51	28537.613	35126.4084	87.5106	0.0	-0.1	0.6	-0.1	0.0	0.6
IBR30	28535.5706	35125.471	87.3644	28535.5692	35125.4704	87.3642	-1.4	-0.6	-0.2	0.1	1.5	-0.2
IBR31	28532.5492	35124.1174	87.3995	28532.5492	35124.1169	87.4005	0.0	-0.5	1.0	-0.4	0.2	1.0
IBR32	28529.9172	35122.7202	87.335	28529.9172	35122.7205	87.3352	0.0	0.3	0.2	0.3	-0.1	0.2
IBR33	28527.5535	35121.8108	87.2625	28527.553	35121.8106	87.2625	-0.5	-0.2	0.0	0.1	0.5	0.0
IBR34	28523.2254	35120.2142	87.112	28523.225	35120.2142	87.1114	-0.4	0.0	-0.6	0.2	0.4	-0.6
IBR35	28520.6513	35119.1932	86.9651	28520.6508	35119.1932	86.9653	-0.5	0.0	0.2	0.2	0.4	0.2
IBR36	28518.9882	35118.5546	86.9261	28518.9879	35118.5544	86.9259	-0.3	-0.2	-0.2	0.0	0.4	-0.2
IBR37	28516.7544	35117.725	86.8473	28516.754	35117.7249	86.8463	-0.4	-0.1	-1.0	0.1	0.4	-1.0
IBR38	28513.5959	35116.5901	86.7446	28513.5956	35116.5899	86.7438	-0.3	-0.2	-0.8	0.0	0.4	-0.8
IBR39	28511.4671	35115.8504	86.6682	28511.4668	35115.85	86.667	-0.3	-0.4	-1.2	-0.2	0.5	-1.2
IBR40	28508.3738	35114.7993	86.5583	28508.3737	35114.7994	86.5568	-0.1	0.1	-1.5	0.1	0.0	-1.5
IBR41	28506.2292	35114.0684	86.4871	28506.2293	35114.0687	86.4854	0.1	0.3	-1.7	0.2	-0.2	-1.7
IBR42	28503.1009	35113.0355	86.3904	28503.101	35113.0358	86.3891	0.1	0.3	-1.3	0.2	-0.2	-1.3
IBR43	28499.4652	35111.8852	86.2818	28499.4652	35111.8859	86.2807	0.0	0.7	-1.1	0.6	-0.3	-1.1
IBR44	28496.8178	35111.0811	86.1938	28496.8178	35111.0817	86.1929	0.0	0.6	-0.9	0.5	-0.3	-0.9
IBR45	28494.1182	35110.2617	86.1157	28494.1181	35110.2625	86.115	-0.1	0.8	-0.7	0.8	-0.3	-0.7
IBR46	28491.4337	35109.4637	86.0307	28491.4336	35109.4643	86.0301	-0.1	0.6	-0.6	0.6	-0.2	-0.6
IBR47	28488.7495	35108.6877	85.9504	28488.7493	35108.6881	85.9499	-0.2	0.4	-0.5	0.4	0.0	-0.5
IBR48	28486.0549	35107.9167	85.8674	28486.0548	35107.917	85.8671	-0.1	0.3	-0.3	0.3	0.0	-0.3
IBR49	28483.0205	35107.08	85.7522	28483.0205	35107.0803	85.7521	0.0	0.3	-0.1	0.3	-0.1	-0.1
IBR50	28480.329	35106.34	85.6741	28480.3288	35106.3402	85.6742	-0.2	0.2	0.1	0.3	0.1	0.1
IBR51	28477.4416	35105.5731	85.5934	28477.4415	35105.5734	85.5936	-0.1	0.3	0.2	0.3	0.0	0.2
IBR52	28474.9222	35104.9017	85.5211	28474.9222	35104.902	85.5214	0.0	0.3	0.3	0.3	-0.1	0.3
IBR53	28471.8102	35104.0906	85.4164	28471.8104	35104.0907	85.417	0.2	0.1	0.6	0.0	-0.2	0.6
IBR54	28469.5884	35103.5252	85.3683	28469.5884	35103.5251	85.369	0.0	-0.1	0.7	-0.1	0.0	0.7
IBR55	28467.1715	35102.9101	85.2789	28467.1715	35102.9102	85.2789	0.0	0.1	0.0	0.1	0.0	0.0
IBR56	28462.5524	35101.7489	85.1246	28462.5525	35101.7492	85.1263	0.1	0.3	1.7	0.2	-0.2	1.7
IBR57	28457.3133	35100.4664	84.9772	28457.3131	35100.4664	84.9779	-0.2	0.0	0.7	0.1	0.2	0.7
IBR58	28453.2842	35099.4956	84.8495	28453.2843	35099.4953	84.8503	0.1	-0.3	0.8	-0.3	0.0	0.8
IBR59	28448.9279	35098.4312	84.7139	28448.9279	35098.431	84.7146	0.0	-0.2	0.7	-0.2	0.1	0.7
IBR60	28443.6633	35097.1383	84.549	28443.6632	35097.1379	84.5501	-0.1	-0.4	1.1	-0.3	0.3	1.1
