Point	Base E	Base N	Base RL	Easting	Northing	Reduced Level	dE	dN	dRL	dx	dy	dz
IBB101	28616.2685	35174.4843	88.5697	28616.2691	35174.4847	88.5704	0.6	0.4	0.7	0.1	-0.7	0.7
IBB102	28612.0273	35170.6779	88.3948	28612.0276	35170.6779	88.3955	0.3	0.0	0.7	-0.1	-0.3	0.7
IBB103	28608.8041	35167.7047	88.2711	28608.805	35167.705	88.2713	0.9	0.3	0.2	-0.1	-0.9	0.2
IBB104	28605.0811	35164.5172	88.129	28605.0814	35164.5174	88.1295	0.3	0.2	0.5	0.0	-0.4	0.5
IBB105	28601.1909	35161.4041	87.9768	28601.1912	35161.4042	87.9771	0.3	0.1	0.3	0.0	-0.3	0.3
IBB106	28598.4228	35159.2386	87.8722	28598.4235	35159.2392	87.8724	0.7	0.6	0.2	0.2	-0.9	0.2
IBB107	28595.6039	35157.079	87.7629	28595.6042	35157.0792	87.7633	0.3	0.2	0.4	0.0	-0.4	0.4
IBB108	28593.3919	35155.4117	87.6753	28593.3923	35155.4121	87.6756	0.4	0.4	0.3	0.2	-0.5	0.3
IBB109	28591.111	35153.7296	87.5894	28591.1113	35153.7298	87.5897	0.3	0.2	0.3	0.0	-0.4	0.3
IBB110	28588.7816	35152.0492	87.4991	28588.7819	35152.0495	87.4991	0.3	0.3	0.0	0.1	-0.4	0.0
IBB111	28584.7995	35149.5052	87.3405	28584.7993	35149.5052	87.3405	-0.2	0.0	0.0	0.1	0.2	0.0
IBB112	28582.831	35148.0547	87.2748	28582.8308	35148.0546	87.275	-0.2	-0.1	0.2	0.0	0.2	0.2
IBB113	28581.2886	35146.825	87.2318	28581.2881	35146.8249	87.232	-0.5	-0.1	0.2	0.1	0.5	0.2
IBB114	28578.8655	35145.2284	87.1388	28578.865	35145.2282	87.1387	-0.5	-0.2	-0.1	0.1	0.5	-0.1
IBB115	28576.505	35143.6828	87.0596	28576.5046	35143.6826	87.0596	-0.4	-0.2	0.0	0.0	0.4	0.0
IBB116	28573.575	35141.8635	86.955	28573.5744	35141.8634	86.9551	-0.6	-0.1	0.1	0.2	0.6	0.1
IBB117	28570.5845	35140.004	86.8455	28570.5839	35140.0039	86.8458	-0.6	-0.1	0.3	0.2	0.6	0.3
IBB118	28567.5497	35138.1324	86.7422	28567.5489	35138.1323	86.7429	-0.8	-0.1	0.7	0.3	0.8	0.7
IBB119	28565.7149	35137.0487	86.6816	28565.7147	35137.0486	86.6819	-0.2	-0.1	0.3	0.0	0.2	0.3
IBB120	28563.2736	35135.6048	86.5966	28563.2731	35135.6045	86.5969	-0.5	-0.3	0.3	0.0	0.6	0.3
IBB121	28560.1941	35133.8424	86.4897	28560.1935	35133.8421	86.4896	-0.6	-0.3	-0.1	0.0	0.7	-0.1
IBB122	28557.5031	35132.3903	86.3932	28557.5029	35132.3899	86.3934	-0.2	-0.4	0.2	-0.3	0.4	0.2
IBB123	28554.9843	35131.0199	86.3089	28554.9841	35131.0193	86.3088	-0.2	-0.6	-0.1	-0.4	0.5	-0.1
IBB124	28552.5109	35129.7042	86.2201	28552.5111	35129.7037	86.2204	0.2	-0.5	0.3	-0.5	0.1	0.3
IBB125	28550.0265	35128.3888	86.1457	28550.0264	35128.3881	86.1461	-0.1	-0.7	0.4	-0.6	0.4	0.4
IBB126	28546.9205	35126.812	86.0411	28546.9205	35126.8118	86.0411	0.0	-0.2	0.0	-0.2	0.1	0.0
IBB127	28544.3875	35125.5733	85.9594	28544.3878	35125.5725	85.9586	0.3	-0.8	-0.8	-0.8	0.1	-0.8
IBB128	28541.8443	35124.4329	85.8743	No Data	No Data	No Data	No Data	No Data	No Data	No Data	No Data	No Data
IBB129	28539.2832	35123.2186	85.7922	28539.2833	35123.2182	85.7923	0.1	-0.4	0.1	-0.4	0.1	0.1
IBB130	28536.7317	35121.9781	85.7061	28536.7315	35121.9776	85.7064	-0.2	-0.5	0.3	-0.4	0.4	0.3
IBB131	28533.5422	35120.5498	85.6034	No Data	No Data	No Data	No Data	No Data	No Data	No Data	No Data	No Data
IBB132	28530.916	35119.4147	85.5177	28530.916	35119.4147	85.5182	0.0	0.0	0.5	0.0	0.0	0.5
IBB133	28528.9479	35118.6688	85.4391	28528.9474	35118.6683	85.439	-0.5	-0.5	-0.1	-0.2	0.7	-0.1
IBB134	28525.8057	35117.3319	85.3398	28525.8049	35117.3318	85.3395	-0.8	-0.1	-0.3	0.3	0.8	-0.3
IBB135	28522.5441	35116.0553	85.231	28522.5432	35116.055	85.2314	-0.9	-0.3	0.4	0.1	0.9	0.4
IBB136	28520.4973	35115.2313	85.1685	28520.4964	35115.2311	85.1681	-0.9	-0.2	-0.4	0.2	0.9	-0.4
IBB137	28517.803	35114.2311	85.088	28517.8024	35114.2312	85.0878	-0.6	0.1	-0.2	0.4	0.5	-0.2
IBB138	28515.0394	35113.2246	84.9958	28515.0385	35113.2244	84.9959	-0.9	-0.2	0.1	0.2	0.9	0.1
IBB139	28510.8215	35111.7945	84.857	28510.821	35111.7945	84.8568	-0.5	0.0	-0.2	0.2	0.4	-0.2
IBB140	28509.0056	35111.1452	84.8034	28509.0052	35111.1454	84.8032	-0.4	0.2	-0.2	0.4	0.3	-0.2
IBB141	28506.9615	35110.4488	84.7401	28506.9608	35110.4489	84.7395	-0.7	0.1	-0.6	0.4	0.6	-0.6
IBB142	28503.6453	35109.3847	84.6269	28503.6444	35109.3848	84.6262	-0.9	0.1	-0.7	0.5	0.8	-0.7
IBB143	28500.9017	35108.5513	84.5374	28500.9012	35108.5513	84.537	-0.5	0.0	-0.4	0.2	0.4	-0.4
IBB144	28497.5879	35107.6199	84.4288	28497.5874	35107.6202	84.4287	-0.5	0.3	-0.1	0.5	0.3	-0.1
IBB145	28494.9398	35106.9938	84.3291	28494.9395	35106.994	84.329	-0.3	0.2	-0.1	0.3	0.2	-0.1
IBB146	28491.9026	35106.0372	84.2416	28491.9026	35106.0377	84.2416	0.0	0.5	0.0	0.4	-0.2	0.0
IBB147	28489.4468	35105.2142	84.1719	28489.4469	35105.2145	84.172	0.1	0.3	0.1	0.2	-0.2	0.1
IBB148	28486.654	35104.4135	84.0857	28486.654	35104.414	84.0859	0.0	0.5	0.2	0.4	-0.2	0.2
IBB149	28483.9104	35103.6452	84.0015	28483.9109	35103.6455	84.0018	0.5	0.3	0.3	0.0	-0.6	0.3
IBB150	28480.4237	35102.7157	83.8906	28480.4242	35102.716	83.891	0.5	0.3	0.4	0.0	-0.6	0.4
IBB151	28477.7187	35102.0227	83.8082	28477.7186	35102.0228	83.8087	-0.1	0.1	0.5	0.1	0.0	0.5
IBB152	28475.0216	35101.3822	83.7253	28475.0219	35101.3826	83.7258	0.3	0.4	0.5	0.2	-0.5	0.5
IBB153	28473.0462	35100.7971	83.6668	28473.0466	35100.7974	83.6674	0.4	0.3	0.6	0.1	-0.5	0.6
IBB154	28471.2293	35100.324	83.6083	28471.2297	35100.3243	83.6089	0.4	0.3	0.6	0.1	-0.5	0.6
IBB155	28468.2324	35099.5579	83.5206	28468.2328	35099.5584	83.5211	0.4	0.5	0.5	0.3	-0.6	0.5
IBB156	28463.001	35098.2818	83.3551	28463.0011	35098.2818	83.3558	0.1	0.0	0.7	0.0	-0.1	0.7
IBB157	28458.2288	35097.1692	83.2057	28458.2292	35097.1692	83.2066	0.4	0.0	0.9	-0.2	-0.4	0.9
IBB158	28454.6108	35096.2887	83.0962	28454.6109	35096.2888	83.0965	0.1	0.1	0.3	0.0	-0.1	0.3
IBB159	28449.8853	35095.1228	82.9471	28449.8855	35095.1229	82.9469	0.2	0.1	-0.2	0.0	-0.2	-0.2
IBB160	28445.1653	35093.9973	82.8026	28445.1659	35093.9973	82.8035	0.6	0.0	0.9	-0.3	-0.5	0.9
IBB201	28615.7523	35175.0124	88.5249	28615.7531	35175.0138	88.5256	0.8	1.4	0.7	0.9	-1.4	0.7
IBB202	28612.0813	35171.7082	88.3807	28612.0817	35171.7086	88.3805	0.4	0.4	-0.2	0.2	-0.5	-0.2
IBB203	28608.2225	35168.4498	88.2236	28608.2228	35168.45	88.2236	0.3	0.2	0.0	0.0	-0.4	0.0
IBB204	28604.4519	35165.2688	88.0741	28604.4527	35165.2689	88.0742	0.8	0.1	0.1	-0.3	-0.8	0.1
IBB205	28600.5603	35162.1434	87.9226	28600.5607	35162.1438	87.9229	0.4	0.4	0.3	0.2	-0.5	0.3
IBB206	28597.8554	35159.9289	87.8238	28597.8556	35159.9291	87.8243	0.2	0.2	0.5	0.1	-0.3	0.5
IBB207	28595.0092	35157.7614	87.716	28595.0096	35157.7618	87.7163	0.4	0.4	0.3	0.2	-0.5	0.3
IBB208	28592.8955	35156.1161	87.6297	28592.896	35156.1166	87.6301	0.5	0.5	0.4	0.2	-0.7	0.4
IBB209	28590.603	35154.4553	87.5417	28590.6031	35154.4554	87.5419	0.1	0.1	0.2	0.0	-0.1	0.2
IBB210	28588.197	35152.7539	87.4516	28588.1972	35152.7545	87.4517	0.2	0.6	0.1	0.4	-0.5	0.1
IBB211	28584.4348	35149.9706	87.3091	28584.4348	35149.9706	87.3095	0.0	0.0	0.4	0.0	0.0	0.4
IBB212	28582.5031	35148.6281	87.2455	28582.5029	35148.6281	87.2458	-0.2	0.0	0.3	0.1	0.2	0.3
IBB213	28580.786	35147.5604	87.183	28580.7858	35147.5605	87.1833	-0.2	0.1	0.3	0.2	0.1	0.3
IBB214	28578.4085	35145.9882	87.0993	28578.408	35145.9882	87.0994	-0.5	0.0	0.1	0.2	0.4	0.1
IBB215	28576.0318	35144.3804	87.0118	28576.0311	35144.3803	87.0121	-0.7	-0.1	0.3	0.2	0.7	0.3
IBB216	28573.179	35142.5653	86.9127	28573.1785	35142.5653	86.913	-0.5	0.0	0.3	0.2	0.4	0.3
IBB217	28570.21	35140.6854	86.8062	28570.2093	35140.6851	86.8064	-0.7	-0.3	0.2	0.1	0.8	0.2
IBB218	28567.1775	35138.832	86.6972	28567.1769	35138.8318	86.6977	-0.6	-0.2	0.5	0.1	0.6	0.5
IBB219	28565.3171	35137.7451	86.6356	28565.3166	35137.7448	86.6365	-0.5	-0.3	0.9	0.0	0.6	0.9
IBB220	28562.8411	35136.3202	86.5513	No Data	No Data	No Data	No Data	No Data	No Data	No Data	No Data	No Data
IBB221	28559.776	35134.5876	86.4408	28559.7756	35134.587	86.4414	-0.4	-0.6	0.6	-0.3	0.6	0.6
IBB222	28557.1313	35133.0263	86.3578	28557.1312	35133.0259	86.3577	-0.1	-0.4	-0.1	-0.3	0.3	-0.1
IBB223	28554.5731	35131.7356	86.2602	28554.5731	35131.735	86.26	0.0	-0.6	-0.2	-0.5	0.3	-0.2
IBB224	28552.1401	35130.4449	86.1784	28552.1402	35130.4443	86.1784	0.1	-0.6	0.0	-0.6	0.2	0.0
IBB225	28549.6782	35129.0921	86.1048	28549.6783	35129.0913	86.1049	0.1	-0.8	0.1	-0.8	0.3	0.1
IBB226	28546.5251	35127.5713	85.9948	28546.5251	35127.5711	85.995	0.0	-0.2	0.2	-0.2	0.1	0.2
IBB227	28544.0123	35126.3439	85.9155	28544.0121	35126.3435	85.9161	-0.2	-0.4	0.6	-0.3	0.4	0.6
IBB228	28541.4802	35125.1182	85.8325	28541.4802	35125.1178	85.8328	0.0	-0.4	0.3	-0.4	0.2	0.3
IBB229	28538.9897	35123.8715	85.7522	28538.9894	35123.871	85.7524	-0.3	-0.5	0.2	-0.3	0.5	0.2
IBB230	28535.8784	35122.3253	85.6517	28535.8784	35122.3248	85.6522	0.0	-0.5	0.5	-0.4	0.2	0.5
IBB231	28533.1807	35121.3107	85.556	No Data	No Data	No Data	No Data	No Data	No Data	No Data	No Data	No Data
IBB232	28530.1887	35119.8195	85.4679	No Data	No Data	No Data	No Data	No Data	No Data	No Data	No Data	No Data
IBB233	28528.6229	35119.3744	85.4008	28528.622	35119.3741	85.4008	-0.9	-0.3	0.0	0.1	0.9	0.0
IBB234	28525.4351	35118.0821	85.2951	28525.4344	35118.0823	85.2946	-0.7	0.2	-0.5	0.5	0.5	-0.5
IBB235	28522.2627	35116.7925	85.1936	28522.2619	35116.7924	85.1935	-0.8	-0.1	-0.1	0.3	0.8	-0.1
IBB236	28520.1509	35116.0309	85.1209	28520.1501	35116.0309	85.1208	-0.8	0.0	-0.1	0.4	0.7	-0.1
IBB237	28517.4998	35115.0216	85.0414	28517.4992	35115.0218	85.0409	-0.6	0.2	-0.5	0.5	0.4	-0.5
IBB238	28514.7117	35114.0246	84.9568	28514.7111	35114.0244	84.9567	-0.6	-0.2	-0.1	0.1	0.6	-0.1
IBB239	28510.5857	35112.5004	84.8222	28510.5848	35112.5005	84.8222	-0.9	0.1	0.0	0.5	0.8	0.0
IBB240	28508.7501	35111.9691	84.7628	28508.7493	35111.9689	84.7625	-0.8	-0.2	-0.3	0.2	0.8	-0.3
IBB241	28506.7499	35111.2929	84.7021	28506.7496	35111.293	84.7015	-0.3	0.1	-0.6	0.2	0.2	-0.6
IBB242	28503.3926	35110.2021	84.5947	28503.3918	35110.202	84.5939	-0.8	-0.1	-0.8	0.3	0.8	-0.8
IBB243	28500.6997	35109.3505	84.5062	28500.6996	35109.3509	84.5056	-0.1	0.4	-0.6	0.4	-0.1	-0.6
IBB244	28497.3873	35108.3362	84.4023	28497.3868	35108.3366	84.402	-0.5	0.4	-0.3	0.6	0.3	-0.3
IBB245	28494.577	35107.5261	84.3058	28494.5767	35107.526	84.3058	-0.3	-0.1	0.0	0.0	0.3	0.0
IBB246	28491.7926	35106.6355	84.2196	28491.7927	35106.6355	84.2198	0.1	0.0	0.2	0.0	-0.1	0.2
IBB247	28489.2605	35105.9666	84.146	28489.2605	35105.9671	84.146	0.0	0.5	0.0	0.4	-0.2	0.0
IBB248	28486.3805	35105.145	84.0604	28486.3807	35105.1454	84.0606	0.2	0.4	0.2	0.3	-0.4	0.2
IBB249	28483.833	35104.4304	83.9885	28483.8331	35104.4308	83.9886	0.1	0.4	0.1	0.3	-0.3	0.1
IBB250	28480.2694	35103.4519	83.8819	28480.2695	35103.4523	83.8823	0.1	0.4	0.4	0.3	-0.3	0.4
IBB251	28477.5795	35102.7062	83.7977	28477.5794	35102.7065	83.7982	-0.1	0.3	0.5	0.3	0.0	0.5
IBB252	28474.896	35102.0254	83.712	28474.8964	35102.026	83.7123	0.4	0.6	0.3	0.3	-0.6	0.3
IBB253	28473.0264	35101.5515	83.6575	28473.0266	35101.5519	83.6582	0.2	0.4	0.7	0.3	-0.4	0.7
IBB254	28470.9988	35101.0372	83.5961	28470.999	35101.0377	83.5966	0.2	0.5	0.5	0.4	-0.4	0.5
IBB255	28468.0692	35100.2928	83.507	28468.0696	35100.2932	83.5072	0.4	0.4	0.2	0.2	-0.5	0.2
IBB256	28462.8154	35098.9464	83.3481	28462.816	35098.9467	83.349	0.6	0.3	0.9	0.0	-0.7	0.9
IBB257	28458.0112	35097.7767	83.2034	28458.0111	35097.777	83.2046	-0.1	0.3	1.2	0.3	0.0	1.2
IBB258	28454.424	35096.9073	83.0929	28454.4241	35096.9075	83.0938	0.1	0.2	0.9	0.1	-0.2	0.9
IBB259	28449.7025	35095.698	82.9467	28449.7025	35095.6981	82.9471	0.0	0.1	0.4	0.1	0.0	0.4
IBB260	28444.9178	35094.5445	82.7976	28444.9182	35094.5444	82.7982	0.4	-0.1	0.6	-0.3	-0.3	0.6
IBC01	28615.0532	35174.7295	93.0946	28615.0536	35174.7295	93.0948	0.4	0.0	0.2	-0.2	-0.4	0.2
IBC02	28612.2372	35172.2027	93.0044	28612.2377	35172.2031	93.0049	0.5	0.4	0.5	0.1	-0.6	0.5
IBC03	28608.547	35169.003	92.8474	28608.5474	35169.0034	92.8477	0.4	0.4	0.3	0.2	-0.5	0.3
IBC04	28605.1541	35166.1609	92.6821	28605.1544	35166.1614	92.6822	0.3	0.5	0.1	0.3	-0.5	0.1
IBC05	28601.5041	35163.1739	92.5228	28601.5046	35163.174	92.5229	0.5	0.1	0.1	-0.1	-0.5	0.1
IBC06	28598.6495	35160.8835	92.4086	28598.6501	35160.8839	92.4089	0.6	0.4	0.3	0.1	-0.7	0.3
IBC07	28595.7007	35158.585	92.3269	28595.7008	35158.5851	92.3271	0.1	0.1	0.2	0.0	-0.1	0.2
IBC08	28593.6565	35157.0294	92.2633	28593.6567	35157.0299	92.2638	0.2	0.5	0.5	0.4	-0.4	0.5
IBC09	28591.4702	35155.3163	92.203	28591.4705	35155.3169	92.2035	0.3	0.6	0.5	0.4	-0.5	0.5
IBC10	28589.1233	35153.6962	92.1235	28589.1231	35153.6966	92.1237	-0.2	0.4	0.2	0.4	0.0	0.2
IBC11	28586.8392	35152.0547	92.0414	28586.8389	35152.055	92.0418	-0.3	0.3	0.4	0.4	0.1	0.4
IBC12	28584.3369	35150.2946	91.9307	28584.3361	35150.2949	91.9313	-0.8	0.3	0.6	0.6	0.6	0.6
IBC13	28582.2206	35148.8288	91.8379	28582.2201	35148.8289	91.8382	-0.5	0.1	0.3	0.3	0.4	0.3
IBC14	28579.5107	35147.0043	91.7364	28579.51	35147.0045	91.7368	-0.7	0.2	0.4	0.5	0.5	0.4
IBC15	28576.5752	35145.0649	91.635	28576.575	35145.0653	91.6355	-0.2	0.4	0.5	0.4	0.0	0.5
IBC16	28573.0966	35142.94	91.5014	28573.0956	35142.9402	91.502	-1.0	0.2	0.6	0.6	0.8	0.6
IBC17	28570.275	35141.0667	91.3929	28570.2742	35141.067	91.3935	-0.8	0.3	0.6	0.6	0.6	0.6
IBC18	28567.0592	35139.1125	91.2701	28567.0582	35139.1126	91.2711	-1.0	0.1	1.0	0.5	0.8	1.0
IBC19	28565.2744	35138.0548	91.1968	28565.2734	35138.0549	91.1969	-1.0	0.1	0.1	0.5	0.8	0.1
IBC20	28562.8651	35136.6499	91.1072	28562.8645	35136.6502	91.1074	-0.6	0.3	0.2	0.5	0.4	0.2
IBC21	28559.8127	35134.8979	91.012	28559.8121	35134.8978	91.0115	-0.6	-0.1	-0.5	0.2	0.6	-0.5
IBC22	28557.3566	35133.5272	90.9276	28557.356	35133.527	90.9274	-0.6	-0.2	-0.2	0.1	0.6	-0.2
IBC23	28554.7306	35132.0813	90.8473	28554.7304	35132.0812	90.8458	-0.2	-0.1	-1.5	0.0	0.2	-1.5
IBC24	28552.3858	35130.5057	90.7742	28552.3854	35130.5055	90.7738	-0.4	-0.2	-0.4	0.0	0.4	-0.4
IBC25	28549.1725	35129.144	90.6608	28549.1722	35129.1439	90.6594	-0.3	-0.1	-1.4	0.0	0.3	-1.4
IBC26	28546.6804	35127.8886	90.5799	28546.6802	35127.8884	90.5781	-0.2	-0.2	-1.8	-0.1	0.3	-1.8
IBC27	28543.5016	35126.3164	90.4698	28543.5016	35126.3155	90.4676	0.0	-0.9	-2.2	-0.8	0.4	-2.2
IBC28	28540.9777	35125.0993	90.378	28540.9783	35125.1003	90.3761	0.6	1.0	-1.9	-1.2	0.1	-1.9
IBC29	28538.555	35123.6654	90.2992	28538.555	35123.6647	90.297	0.0	-0.7	-2.2	-0.6	0.3	-2.2
IBC30	28536.5582	35123.0588	90.2221	28536.5582	35123.0577	90.2201	0.0	-1.1	-2.0	-1.0	0.5	-2.0
IBC31	28533.3427	35121.6372	90.1237	28533.3426	35121.6362	90.1219	-0.1	-1.0	-1.8	-0.8	0.5	-1.8
IBC32	28530.7886	35120.5277	90.0515	28530.789	35120.5272	90.0507	0.4	-0.5	-0.8	-0.6	-0.1	-0.8
IBC33	28528.6421	35119.6251	89.9952	28528.6421	35119.6248	89.9943	0.0	-0.3	-0.9	-0.3	0.1	-0.9
IBC34	28525.4263	35118.3066	89.8973	28525.4254	35118.3062	89.8965	-0.9	-0.4	-0.8	0.1	1.0	-0.8
IBC35	28522.3275	35117.0605	89.7988	28522.3268	35117.0595	89.798	-0.7	-1.0	-0.8	-0.6	1.1	-0.8
IBC36	28520.3925	35116.313	89.7399	28520.3922	35116.3121	89.7386	-0.3	-0.9	-1.3	-0.7	0.7	-1.3
IBC37	28517.5708	35115.2537	89.653	28517.5709	35115.252	89.6514	0.1	-1.7	-1.6	-1.6	0.7	-1.6
IBC38	28514.9355	35114.3115	89.5645	28514.935277306	35114.3092211832	89.5624	-0.2	-2.3	-2.1	-1.9	1.2	-2.1
IBC39	28512.7943	35113.2586	89.5052	28512.7944163146	35113.2563085878	89.503	0.1	-2.3	-2.2	-2.1	1.0	-2.2
IBC40	28508.7351	35112.1741	89.3491	28508.7353858189	35112.1722522901	89.3468	0.3	-1.8	-2.3	-1.8	0.6	-2.3
IBC41	28507.0876	35111.3217	89.3051	28507.0882695043	35111.3195437023	89.3025	0.7	-2.2	-2.6	-2.2	0.4	-2.6
IBC42	28503.4876	35110.141	89.1884	28503.488	35110.1409	89.187	0.4	-0.1	-1.4	-0.3	-0.3	-1.4
IBC43	28500.6101	35109.2273	89.105	28500.6102	35109.2275	89.1038	0.1	0.2	-1.2	0.1	-0.2	-1.2
IBC44	28497.5453	35108.4651	88.9995	28497.5452	35108.4654	88.9984	-0.1	0.3	-1.1	0.3	0.0	-1.1
IBC45	28494.7137	35107.968	88.887	28494.7137	35107.9683	88.8861	0.0	0.3	-0.9	0.3	-0.1	-0.9
IBC46	28491.226	35106.9994	88.7717	28491.2261	35106.9998	88.7712	0.1	0.4	-0.5	0.3	-0.3	-0.5
IBC47	28489.1857	35106.1595	88.7306	28489.1859	35106.16	88.7302	0.2	0.5	-0.4	0.4	-0.4	-0.4
IBC48	28486.7067	35105.4652	88.6467	28486.7071	35105.4655	88.6464	0.4	0.3	-0.3	0.1	-0.5	-0.3
IBC49	28483.825	35104.5396	88.5639	28483.8253	35104.5401	88.5638	0.3	0.5	-0.1	0.3	-0.5	-0.1
IBC50	28480.5162	35103.7003	88.4698	28480.5164	35103.7007	88.4699	0.2	0.4	0.1	0.3	-0.4	0.1
IBC51	28477.7992	35102.9869	88.3946	28477.7993	35102.9871	88.3952	0.1	0.2	0.6	0.1	-0.2	0.6
IBC52	28475.0785	35102.2568	88.3083	28475.0787	35102.2573	88.3088	0.2	0.5	0.5	0.4	-0.4	0.5
IBC53	28472.9937	35101.5964	88.2453	28472.9945	35101.5969	88.2462	0.8	0.5	0.9	0.1	-0.9	0.9
IBC54	28471.0176	35101.2071	88.1723	28471.0176	35101.2076	88.1728	0.0	0.5	0.5	0.4	-0.2	0.5
IBC55	28467.7666	35100.2089	88.0875	28467.7669	35100.2092	88.0885	0.3	0.3	1.0	0.1	-0.4	1.0
IBC56	28462.8678	35099.1631	87.9242	28462.8681	35099.1634	87.9249	0.3	0.3	0.7	0.1	-0.4	0.7
IBC57	28457.8964	35097.6602	87.7948	28457.8967	35097.6606	87.7959	0.3	0.4	1.1	0.2	-0.5	1.1
IBC58	28453.8696	35096.7476	87.6707	28453.8696	35096.7477	87.6721	0.0	0.1	1.4	0.1	0.0	1.4
IBC59	28449.286	35095.5754	87.5263	28449.2864	35095.5756	87.5275	0.4	0.2	1.2	0.0	-0.4	1.2
IBC60	28443.7948	35094.511	87.3423	28443.7951	35094.5112	87.3433	0.3	0.2	1.0	0.0	-0.4	1.0
IBL01	28617.4778	35173.1734	88.978	28617.4779	35173.1734	88.9779	0.1	0.0	-0.1	0.0	-0.1	-0.1
IBL02	28612.6896	35168.8935	88.8395	28612.6899	35168.8934	88.8398	0.3	-0.1	0.3	-0.2	-0.2	0.3
IBL03	28609.3134	35165.981	88.6951	28609.3139	35165.9812	88.6953	0.5	0.2	0.2	-0.1	-0.5	0.2
IBL04	28605.1651	35162.526	88.4911	28605.1659	35162.5263	88.4911	0.8	0.3	0.0	-0.1	-0.8	0.0
IBL05	28601.6805	35159.7154	88.3446	28601.6813	35159.7158	88.3447	0.8	0.4	0.1	0.0	-0.9	0.1
IBL06	28599.4572	35157.9588	88.2557	28599.4574	35157.9589	88.2558	0.2	0.1	0.1	0.0	-0.2	0.1
IBL07	28597.3152	35156.2951	88.1937	28597.3156	35156.2953	88.194	0.4	0.2	0.3	0.0	-0.4	0.3
IBL08	28594.5948	35154.2419	88.0952	28594.5954	35154.2421	88.0953	0.6	0.2	0.1	-0.1	-0.6	0.1
IBL09	28592.312	35152.5153	88.0857	28592.3123	35152.5155	88.0859	0.3	0.2	0.2	0.0	-0.4	0.2
IBL10	28590.2833	35151.5621	87.5824	28590.2838	35151.5624	87.5824	0.5	0.3	0.0	0.0	-0.6	0.0
IBL11	28585.4329	35147.308	89.4859	28585.4324	35147.3081	89.4861	-0.5	0.1	0.2	0.3	0.4	0.2
IBL12	28584.0637	35146.6657	87.7812	28584.0633	35146.6655	87.7813	-0.4	-0.2	0.1	0.0	0.4	0.1
IBL13	28581.7393	35145.0844	87.7357	28581.7386	35145.0841	87.7357	-0.7	-0.3	0.0	0.1	0.8	0.0
IBL14	28579.3855	35143.546	87.6074	28579.385	35143.5459	87.6076	-0.5	-0.1	0.2	0.1	0.5	0.2
IBL15	28577.0982	35142.0454	87.5352	28577.0976	35142.0452	87.5356	-0.6	-0.2	0.4	0.1	0.6	0.4
IBL16	28573.7318	35139.9329	87.3666	28573.731	35139.9327	87.3669	-0.8	-0.2	0.3	0.2	0.8	0.3
IBL17	28571.3949	35138.4676	87.2956	28571.3941	35138.4675	87.296	-0.8	-0.1	0.4	0.3	0.8	0.4
IBL18	28569.8014	35137.4743	87.2769	28569.8011	35137.4741	87.2775	-0.3	-0.2	0.6	0.0	0.4	0.6
IBL19	28567.7894	35136.301	87.154	28567.7889	35136.3011	87.1543	-0.5	0.1	0.3	0.3	0.4	0.3
IBL20	28565.3105	35134.7943	87.1326	28565.3102	35134.7944	87.1326	-0.3	0.1	0.0	0.2	0.2	0.0
IBL21	28562.8601	35133.4003	87.0025	28562.8601	35133.4004	87.0031	0.0	0.1	0.6	0.1	0.0	0.6
IBL22	28559.6444	35131.5401	86.9694	28559.6439	35131.5398	86.9689	-0.5	-0.3	-0.5	0.0	0.6	-0.5
IBL23	28557.2267	35130.205	86.8909	28557.2266	35130.2046	86.8904	-0.1	-0.4	-0.5	-0.3	0.3	-0.5
IBL24	28554.7332	35128.8487	86.8259	28554.7332	35128.8483	86.8256	0.0	-0.4	-0.3	-0.4	0.2	-0.3
IBL25	28552.1776	35127.5797	86.5921	28552.1779	35127.579	86.5915	0.3	-0.7	-0.6	-0.8	0.1	-0.6
IBL26	28549.0213	35125.9008	86.5993	28549.0215	35125.8998	86.5988	0.2	-1.0	-0.5	-1.0	0.3	-0.5
IBL27	28546.0952	35124.4731	86.4512	28546.0956	35124.4724	86.4508	0.4	-0.7	-0.4	-0.8	0.0	-0.4
IBL28	28543.4999	35123.2529	86.2885	28543.5005	35123.2517	86.2871	0.6	-1.2	-1.4	-1.3	0.0	-1.4
IBL29	28540.1046	35121.61	86.2321	28540.105	35121.609	86.2316	0.4	-1.0	-0.5	-1.1	0.1	-0.5
IBL30	28537.703	35120.5159	86.1397	28537.7034	35120.5144	86.1395	0.4	-1.5	-0.2	-1.5	0.3	-0.2
IBL31	28534.9324	35119.2741	86.06	28534.9324	35119.273	86.0598	0.0	-1.1	-0.2	-1.0	0.5	-0.2
IBL32	28531.8194	35117.9111	85.9785	28531.8195	35117.9102	85.9789	0.1	-0.9	0.4	-0.8	0.3	0.4
IBL33	28529.5695	35116.9751	85.9167	28529.5685	35116.975	85.9167	-1.0	-0.1	0.0	0.4	0.9	0.0
IBL34	28527.34	35116.0681	85.8358	28527.3391	35116.0682	85.836	-0.9	0.1	0.2	0.5	0.8	0.2
IBL35	28525.3024	35115.2347	85.7938	28525.3018	35115.2343	85.7935	-0.6	-0.4	-0.3	-0.1	0.7	-0.3
IBL36	28522.6824	35114.1986	85.7151	28522.6816	35114.1986	85.7152	-0.8	0.0	0.1	0.4	0.7	0.1
IBL37	28519.8315	35113.109	85.6318	No Data	No Data	No Data	No Data	No Data	No Data	No Data	No Data	No Data
IBL38	28516.1034	35111.7649	85.4818	28516.1031	35111.7644	85.4813	-0.3	-0.5	-0.5	-0.3	0.5	-0.5
IBL39	28513.5279	35110.8622	85.4001	28513.5277	35110.8607	85.3987	-0.2	-1.5	-1.4	-1.2	0.9	-1.4
IBL40	28510.519	35109.8317	85.2836	28510.5191	35109.8298	85.2825	0.1	-1.9	-1.1	-1.7	0.8	-1.1
IBL41	28508.068	35109.0111	85.1831	28508.0678	35109.0097	85.182	-0.2	-1.4	-1.1	-1.2	0.8	-1.1
IBL42	28504.8424	35107.9277	85.1187	28504.8418	35107.9274	85.1179	-0.6	-0.3	-0.8	0.0	0.7	-0.8
IBL43	28501.1397	35106.7549	84.9823	28501.1389	35106.755	84.9817	-0.8	0.1	-0.6	0.5	0.7	-0.6
IBL44	28498.7938	35106.0436	84.8812	28498.7937	35106.0439	84.8806	-0.1	0.3	-0.6	0.3	0.0	-0.6
IBL45	28496.9165	35105.461	84.8435	28496.916	35105.4612	84.8433	-0.5	0.2	-0.2	0.4	0.4	-0.2
IBL46	28491.3806	35103.8227	84.6681	28491.3808	35103.8231	84.6682	0.2	0.4	0.1	0.3	-0.4	0.1
IBL47	28489.9425	35103.4247	84.6012	28489.9428	35103.4252	84.6014	0.3	0.5	0.2	0.3	-0.5	0.2
IBL48	28487.7376	35102.531	86.3308	28487.7381	35102.5314	86.3308	0.5	0.4	0.0	0.1	-0.6	0.0
IBL49	28483.6656	35101.4101	86.2166	28483.6655	35101.4106	86.2167	-0.1	0.5	0.1	0.5	-0.1	0.1
IBL50	28480.9458	35100.6612	86.0735	28480.9462	35100.6619	86.0738	0.4	0.7	0.3	0.4	-0.7	0.3
IBL51	28478.2183	35099.9403	85.9662	28478.2186	35099.9408	85.9663	0.3	0.5	0.1	0.3	-0.5	0.1
IBL52	28476.3447	35099.4691	86.08	28476.3452	35099.4697	86.0803	0.5	0.6	0.3	0.3	-0.7	0.3
IBL53	28474.1361	35098.8977	86.0003	28474.1368	35098.8985	86.0005	0.7	0.8	0.2	0.4	-1.0	0.2
IBL54	28471.6067	35098.2415	85.9221	28471.6068	35098.242	85.9227	0.1	0.5	0.6	0.4	-0.3	0.6
IBL55	28468.6942	35097.4829	85.7652	28468.6946	35097.4835	85.7661	0.4	0.6	0.9	0.3	-0.6	0.9
IBL56	28463.2311	35096.1251	85.5998	28463.2314	35096.1252	85.6003	0.3	0.1	0.5	0.0	-0.3	0.5
IBL57	28459.1311	35095.1147	85.4891	28459.1314	35095.1151	85.4901	0.3	0.4	1.0	0.2	-0.5	1.0
IBL58	28454.1026	35093.9035	85.3368	28454.1027	35093.9038	85.3378	0.1	0.3	1.0	0.2	-0.2	1.0
IBL59	28449.7821	35092.867	85.2597	28449.7823	35092.8672	85.2606	0.2	0.2	0.9	0.1	-0.3	0.9
IBL60	28445.908	35092.0937	85.1186	28445.9081	35092.094	85.1194	0.1	0.3	0.8	0.2	-0.2	0.8
IBR01	28613.6887	35176.9636	90.2834	28613.6892	35176.964	90.2841	0.5	0.4	0.7	0.1	-0.6	0.7
IBR02	28609.5423	35173.2684	90.139	28609.5428	35173.2689	90.1396	0.5	0.5	0.6	0.2	-0.7	0.6
IBR03	28606.2349	35170.4209	89.991	28606.2353	35170.4212	89.9913	0.4	0.3	0.3	0.1	-0.5	0.3
IBR04	28602.132	35166.9917	89.7923	28602.1323	35166.9921	89.7924	0.3	0.4	0.1	0.2	-0.5	0.1
IBR05	28598.5474	35164.0928	89.6372	28598.5478	35164.0932	89.6374	0.4	0.4	0.2	0.2	-0.5	0.2
IBR06	28596.1875	35162.2196	89.5496	28596.1877	35162.2197	89.55	0.2	0.1	0.4	0.0	-0.2	0.4
IBR07	28594.1855	35160.6601	89.4894	28594.1857	35160.6609	89.4898	0.2	0.8	0.4	0.6	-0.5	0.4
IBR08	28591.1485	35158.3617	89.3841	28591.1485	35158.362	89.3843	0.0	0.3	0.2	0.3	-0.1	0.2
IBR09	28588.6314	35156.5093	89.3206	28588.6313	35156.5095	89.3208	-0.1	0.2	0.2	0.2	0.0	0.2
IBR10	28586.0168	35154.635	89.2266	28586.0165	35154.6356	89.2267	-0.3	0.6	0.1	0.7	0.0	0.1
IBR11	28583.7278	35153.02	89.1404	28583.7273	35153.0206	89.1406	-0.5	0.6	0.2	0.8	0.2	0.2
IBR12	28581.4446	35151.4378	89.0436	28581.4443	35151.4381	89.0439	-0.3	0.3	0.3	0.4	0.1	0.3
IBR13	28579.1391	35149.8718	88.9561	28579.1389	35149.872	88.9563	-0.2	0.2	0.2	0.3	0.1	0.2
IBR14	28576.8204	35148.3228	88.8735	28576.8196	35148.3231	88.8738	-0.8	0.3	0.3	0.6	0.6	0.3
IBR15	28574.4938	35146.8045	88.7928	28574.4935	35146.8045	88.7932	-0.3	0.0	0.4	0.1	0.3	0.4
IBR16	28571.7175	35145.0295	88.6988	28571.7168	35145.0296	88.6994	-0.7	0.1	0.6	0.4	0.6	0.6
IBR17	28568.9934	35143.3302	88.5972	28568.9924	35143.33	88.5979	-1.0	-0.2	0.7	0.3	1.0	0.7
IBR18	28565.8128	35141.3935	88.4714	28565.8126	35141.3934	88.4719	-0.2	-0.1	0.5	0.0	0.2	0.5
IBR19	28564.2455	35140.4637	88.4087	28564.245	35140.4636	88.4091	-0.5	-0.1	0.4	0.1	0.5	0.4
IBR20	28561.0094	35138.5762	88.2807	28561.0089	35138.5761	88.2807	-0.5	-0.1	0.0	0.1	0.5	0.0
IBR21	28558.5967	35137.1973	88.2084	28558.5962	35137.1969	88.2087	-0.5	-0.4	0.3	-0.1	0.6	0.3
IBR22	28556.4767	35136.005	88.1298	28556.4764	35136.0045	88.1295	-0.3	-0.5	-0.3	-0.3	0.5	-0.3
IBR23	28552.9744	35134.0883	88.0296	28552.974	35134.088	88.0287	-0.4	-0.3	-0.9	-0.1	0.5	-0.9
IBR24	28551.2843	35133.1813	87.9761	28551.2839	35133.1813	87.9756	-0.4	0.0	-0.5	0.2	0.4	-0.5
IBR25	28548.8331	35131.8964	87.8887	28548.8329	35131.8964	87.8879	-0.2	0.0	-0.8	0.1	0.2	-0.8
IBR26	28545.5895	35130.2478	87.7785	28545.5891	35130.248	87.7775	-0.4	0.2	-1.0	0.4	0.3	-1.0
IBR27	28543.0855	35129.0125	87.6269	28543.0854	35129.0127	87.6257	-0.1	0.2	-1.2	0.2	0.0	-1.2
IBR28	28540.587	35127.8026	87.6127	28540.5863	35127.8033	87.6125	-0.7	0.7	-0.2	-0.3	-0.9	-0.2
IBR29	28537.613	35126.4085	87.51	28537.6133	35126.4089	87.5108	0.3	0.4	0.8	0.2	-0.5	0.8
IBR30	28535.5721	35125.4713	87.3644	No Data	No Data	No Data	No Data	No Data	No Data	No Data	No Data	No Data
IBR31	28532.5492	35124.1174	87.3995	28532.5491	35124.1171	87.3996	-0.1	-0.3	0.1	-0.2	0.2	0.1
IBR32	28529.9172	35122.7202	87.335	28529.9171	35122.7206	87.3353	-0.1	0.4	0.3	0.4	-0.1	0.3
IBR33	28527.5535	35121.8108	87.2625	28527.5529	35121.8111	87.2624	-0.6	0.3	-0.1	0.5	0.4	-0.1
IBR34	28523.2254	35120.2142	87.112	28523.2247	35120.2143	87.1116	-0.7	0.1	-0.4	0.4	0.6	-0.4
IBR35	28520.6513	35119.1932	86.9651	28520.6507	35119.1934	86.9651	-0.6	0.2	0.0	0.5	0.4	0.0
IBR36	28518.9882	35118.5546	86.9261	28518.9876	35118.5546	86.9255	-0.6	0.0	-0.6	0.3	0.5	-0.6
IBR37	28516.7544	35117.725	86.8473	28516.7534	35117.7247	86.8468	-1.0	-0.3	-0.5	0.2	1.0	-0.5
IBR38	28513.5959	35116.5901	86.7446	28513.5953	35116.5898	86.7438	-0.6	-0.3	-0.8	0.0	0.7	-0.8
IBR39	28511.4671	35115.8504	86.6682	28511.4667	35115.8499	86.6676	-0.4	-0.5	-0.6	-0.3	0.6	-0.6
IBR40	28508.3738	35114.7993	86.5583	28508.3733	35114.7989	86.5571	-0.5	-0.4	-1.2	-0.1	0.6	-1.2
IBR41	28506.2292	35114.0684	86.4871	28506.2291	35114.0685	86.4856	-0.1	0.1	-1.5	0.1	0.0	-1.5
IBR42	28503.1009	35113.0355	86.3904	28503.1008	35113.0357	86.3893	-0.1	0.2	-1.1	0.2	0.0	-1.1
IBR43	28499.4652	35111.8852	86.2818	28499.4651	35111.8855	86.281	-0.1	0.3	-0.8	0.3	0.0	-0.8
IBR44	28496.8178	35111.0811	86.1938	28496.8175	35111.0813	86.1931	-0.3	0.2	-0.7	0.3	0.2	-0.7
IBR45	28494.1182	35110.2617	86.1157	28494.1181	35110.2621	86.1152	-0.1	0.4	-0.5	0.4	-0.1	-0.5
IBR46	28491.4337	35109.4637	86.0307	28491.4338	35109.4638	86.0303	0.1	0.1	-0.4	0.0	-0.1	-0.4
IBR47	28488.7495	35108.6877	85.9504	28488.7499	35108.6877	85.9502	0.4	0.0	-0.2	-0.2	-0.4	-0.2
IBR48	28486.0549	35107.9167	85.8674	28486.0552	35107.9168	85.8672	0.3	0.1	-0.2	0.0	-0.3	-0.2
IBR49	28483.0205	35107.08	85.7522	28483.0207	35107.0802	85.7522	0.2	0.2	0.0	0.1	-0.3	0.0
IBR50	28480.329	35106.34	85.6741	28480.3291	35106.3402	85.6742	0.1	0.2	0.1	0.1	-0.2	0.1
IBR51	28477.4416	35105.5731	85.5934	28477.4422	35105.5733	85.5937	0.6	0.2	0.3	-0.1	-0.6	0.3
IBR52	28474.9222	35104.9017	85.5211	28474.9224	35104.9019	85.5213	0.2	0.2	0.2	0.1	-0.3	0.2
IBR53	28471.8102	35104.0906	85.4164	28471.811	35104.0907	85.4167	0.8	0.1	0.3	-0.3	-0.8	0.3
IBR54	28469.5884	35103.5252	85.3683	28469.5887	35103.525	85.369	0.3	-0.2	0.7	-0.3	-0.2	0.7
IBR55	28467.1715	35102.9101	85.2789	28467.1719	35102.9101	85.2795	0.4	0.0	0.6	-0.2	-0.4	0.6
IBR56	28462.5524	35101.7489	85.1246	28462.5525	35101.7491	85.1256	0.1	0.2	1.0	0.1	-0.2	1.0
IBR57	28457.3133	35100.4664	84.9772	28457.3136	35100.4664	84.978	0.3	0.0	0.8	-0.1	-0.3	0.8
IBR58	28453.2842	35099.4956	84.8495	28453.2844	35099.4955	84.8504	0.2	-0.1	0.9	-0.2	-0.1	0.9
IBR59	28448.9279	35098.4312	84.7139	28448.9279	35098.4311	84.7147	0.0	-0.1	0.8	-0.1	0.0	0.8
IBR60	28443.6633	35097.1383	84.549	28443.6635	35097.1379	84.5502	0.2	-0.4	1.2	-0.4	0.0	1.2
