Point	Base E	Base N	Base RL	Easting	Northing	Reduced Level	dE	dN	dRL	dx	dy	dz
IBB101	28616.2685	35174.4843	88.5697	28616.2691	35174.4847	88.5703	0.6	0.4	0.6	0.1	-0.7	0.6
IBB102	28612.0273	35170.6779	88.3948	28612.0276	35170.6779	88.3956	0.3	0.0	0.8	-0.1	-0.3	0.8
IBB103	28608.8041	35167.7047	88.2711	28608.805	35167.7049	88.2713	0.9	0.2	0.2	-0.2	-0.9	0.2
IBB104	28605.0811	35164.5172	88.129	28605.0813	35164.5174	88.1296	0.2	0.2	0.6	0.1	-0.3	0.6
IBB105	28601.1909	35161.4041	87.9768	28601.1913	35161.4043	87.977	0.4	0.2	0.2	0.0	-0.4	0.2
IBB106	28598.4228	35159.2386	87.8722	28598.4236	35159.2393	87.8724	0.8	0.7	0.2	0.3	-1.0	0.2
IBB107	28595.6039	35157.079	87.7629	28595.6041	35157.0791	87.7633	0.2	0.1	0.4	0.0	-0.2	0.4
IBB108	28593.3919	35155.4117	87.6753	28593.3921	35155.4121	87.6756	0.2	0.4	0.3	0.3	-0.4	0.3
IBB109	28591.111	35153.7296	87.5894	28591.1114	35153.7298	87.5897	0.4	0.2	0.3	0.0	-0.4	0.3
IBB110	28588.7816	35152.0492	87.4991	28588.782	35152.0496	87.4991	0.4	0.4	0.0	0.2	-0.5	0.0
IBB111	28584.7995	35149.5052	87.3405	28584.7993	35149.5052	87.3405	-0.2	0.0	0.0	0.1	0.2	0.0
IBB112	28582.831	35148.0547	87.2748	28582.8305	35148.0546	87.2748	-0.5	-0.1	0.0	0.1	0.5	0.0
IBB113	28581.2886	35146.825	87.2318	28581.2883	35146.8249	87.2321	-0.3	-0.1	0.3	0.0	0.3	0.3
IBB114	28578.8655	35145.2284	87.1388	28578.8651	35145.2282	87.1388	-0.4	-0.2	0.0	0.0	0.4	0.0
IBB115	28576.505	35143.6828	87.0596	28576.5045	35143.6825	87.0597	-0.5	-0.3	0.1	0.0	0.6	0.1
IBB116	28573.575	35141.8635	86.955	28573.5745	35141.8634	86.9551	-0.5	-0.1	0.1	0.1	0.5	0.1
IBB117	28570.5845	35140.004	86.8455	28570.5837	35140.0038	86.8457	-0.8	-0.2	0.2	0.2	0.8	0.2
IBB118	28567.5497	35138.1324	86.7422	28567.549	35138.1324	86.7429	-0.7	0.0	0.7	0.3	0.6	0.7
IBB119	28565.7149	35137.0487	86.6816	28565.7148	35137.0486	86.6819	-0.1	-0.1	0.3	0.0	0.1	0.3
IBB120	28563.2736	35135.6048	86.5966	28563.273	35135.6045	86.597	-0.6	-0.3	0.4	0.0	0.7	0.4
IBB121	28560.1941	35133.8424	86.4897	28560.1937	35133.8422	86.4897	-0.4	-0.2	0.0	0.0	0.4	0.0
IBB122	28557.5031	35132.3903	86.3932	28557.503	35132.3898	86.3936	-0.1	-0.5	0.4	-0.4	0.3	0.4
IBB123	28554.9843	35131.0199	86.3089	28554.9839	35131.0192	86.3088	-0.4	-0.7	-0.1	-0.4	0.7	-0.1
IBB124	28552.5109	35129.7042	86.2201	28552.5112	35129.7037	86.2204	0.3	-0.5	0.3	-0.6	0.0	0.3
IBB125	28550.0265	35128.3888	86.1457	28550.0263	35128.3881	86.1459	-0.2	-0.7	0.2	-0.5	0.5	0.2
IBB126	28546.9205	35126.812	86.0411	28546.9205	35126.8116	86.0413	0.0	-0.4	0.2	-0.4	0.2	0.2
IBB127	28544.3875	35125.5733	85.9594	28544.3879	35125.5724	85.9585	0.4	-0.9	-0.9	-1.0	0.1	-0.9
IBB128	28541.8443	35124.4329	85.8743	No Data	No Data	No Data	No Data	No Data	No Data	No Data	No Data	No Data
IBB129	28539.2832	35123.2186	85.7922	28539.2833	35123.2181	85.7926	0.1	-0.5	0.4	-0.5	0.1	0.4
IBB130	28536.7317	35121.9781	85.7061	28536.7314	35121.9778	85.7065	-0.3	-0.3	0.4	-0.1	0.4	0.4
IBB131	28533.5422	35120.5498	85.6034	No Data	No Data	No Data	No Data	No Data	No Data	No Data	No Data	No Data
IBB132	28530.916	35119.4147	85.5177	28530.9159	35119.4144	85.5183	-0.1	-0.3	0.6	-0.2	0.2	0.6
IBB133	28528.9479	35118.6688	85.4391	28528.9477	35118.6684	85.4393	-0.2	-0.4	0.2	-0.3	0.4	0.2
IBB134	28525.8057	35117.3319	85.3398	28525.8055	35117.3316	85.3393	-0.2	-0.3	-0.5	-0.2	0.3	-0.5
IBB135	28522.5441	35116.0553	85.231	28522.544	35116.055	85.231	-0.1	-0.3	0.0	-0.2	0.2	0.0
IBB136	28520.4973	35115.2313	85.1685	28520.4971	35115.231	85.1681	-0.2	-0.3	-0.4	-0.2	0.3	-0.4
IBB137	28517.803	35114.2311	85.088	28517.8028	35114.231	85.0874	-0.2	-0.1	-0.6	0.0	0.2	-0.6
IBB138	28515.0394	35113.2246	84.9958	28515.0391	35113.2243	84.9958	-0.3	-0.3	0.0	-0.1	0.4	0.0
IBB139	28510.8215	35111.7945	84.857	28510.8211	35111.7943	84.8567	-0.4	-0.2	-0.3	0.0	0.4	-0.3
IBB140	28509.0056	35111.1452	84.8034	28509.0055	35111.1452	84.803	-0.1	0.0	-0.4	0.0	0.1	-0.4
IBB141	28506.9615	35110.4488	84.7401	28506.9613	35110.4489	84.7393	-0.2	0.1	-0.8	0.2	0.1	-0.8
IBB142	28503.6453	35109.3847	84.6269	28503.6451	35109.385	84.626	-0.2	0.3	-0.9	0.4	0.0	-0.9
IBB143	28500.9017	35108.5513	84.5374	28500.9017	35108.5515	84.5368	0.0	0.2	-0.6	0.2	-0.1	-0.6
IBB144	28497.5879	35107.6199	84.4288	28497.5877	35107.6203	84.4284	-0.2	0.4	-0.4	0.4	0.0	-0.4
IBB145	28494.9398	35106.9938	84.3291	28494.9396	35106.9941	84.3288	-0.2	0.3	-0.3	0.4	0.0	-0.3
IBB146	28491.9026	35106.0372	84.2416	28491.9027	35106.0376	84.2416	0.1	0.4	0.0	0.3	-0.3	0.0
IBB147	28489.4468	35105.2142	84.1719	28489.4467	35105.2146	84.1719	-0.1	0.4	0.0	0.4	-0.1	0.0
IBB148	28486.654	35104.4135	84.0857	28486.6538	35104.414	84.0859	-0.2	0.5	0.2	0.5	-0.1	0.2
IBB149	28483.9104	35103.6452	84.0015	28483.9103	35103.6456	84.0017	-0.1	0.4	0.2	0.4	-0.1	0.2
IBB150	28480.4237	35102.7157	83.8906	28480.4235	35102.7161	83.891	-0.2	0.4	0.4	0.4	0.0	0.4
IBB151	28477.7187	35102.0227	83.8082	28477.7184	35102.0231	83.8092	-0.3	0.4	1.0	0.5	0.1	1.0
IBB152	28475.0216	35101.3822	83.7253	28475.0216	35101.3826	83.7257	0.0	0.4	0.4	0.4	-0.2	0.4
IBB153	28473.0462	35100.7971	83.6668	28473.046	35100.7974	83.6675	-0.2	0.3	0.7	0.4	0.0	0.7
IBB154	28471.2293	35100.324	83.6083	28471.2294	35100.3242	83.6089	0.1	0.2	0.6	0.1	-0.2	0.6
IBB155	28468.2324	35099.5579	83.5206	28468.2323	35099.5582	83.5211	-0.1	0.3	0.5	0.3	0.0	0.5
IBB156	28463.001	35098.2818	83.3551	28463.001	35098.2818	83.3561	0.0	0.0	1.0	0.0	0.0	1.0
IBB157	28458.2288	35097.1692	83.2057	28458.2286	35097.1691	83.2067	-0.2	-0.1	1.0	0.0	0.2	1.0
IBB158	28454.6108	35096.2887	83.0962	28454.6108	35096.2887	83.0968	0.0	0.0	0.6	0.0	0.0	0.6
IBB159	28449.8853	35095.1228	82.9471	28449.8852	35095.1229	82.9476	-0.1	0.1	0.5	0.1	0.0	0.5
IBB160	28445.1653	35093.9973	82.8026	28445.1652	35093.9975	82.8034	-0.1	0.2	0.8	0.2	0.0	0.8
IBB201	28615.7523	35175.0124	88.5249	28615.7531	35175.0138	88.5255	0.8	1.4	0.6	0.9	-1.4	0.6
IBB202	28612.0813	35171.7082	88.3807	28612.0818	35171.7088	88.3806	0.5	0.6	-0.1	0.3	-0.7	-0.1
IBB203	28608.2225	35168.4498	88.2236	28608.2229	35168.4499	88.2236	0.4	0.1	0.0	-0.1	-0.4	0.0
IBB204	28604.4519	35165.2688	88.0741	28604.4527	35165.2689	88.0743	0.8	0.1	0.2	-0.3	-0.8	0.2
IBB205	28600.5603	35162.1434	87.9226	28600.5608	35162.1438	87.9229	0.5	0.4	0.3	0.1	-0.6	0.3
IBB206	28597.8554	35159.9289	87.8238	28597.8556	35159.9291	87.8243	0.2	0.2	0.5	0.1	-0.3	0.5
IBB207	28595.0092	35157.7614	87.716	28595.0096	35157.7618	87.7164	0.4	0.4	0.4	0.2	-0.5	0.4
IBB208	28592.8955	35156.1161	87.6297	28592.8959	35156.1166	87.6301	0.4	0.5	0.4	0.3	-0.6	0.4
IBB209	28590.603	35154.4553	87.5417	28590.6031	35154.4554	87.542	0.1	0.1	0.3	0.0	-0.1	0.3
IBB210	28588.197	35152.7539	87.4516	28588.1972	35152.7546	87.4516	0.2	0.7	0.0	0.5	-0.5	0.0
IBB211	28584.4348	35149.9706	87.3091	28584.4348	35149.9706	87.3095	0.0	0.0	0.4	0.0	0.0	0.4
IBB212	28582.5031	35148.6281	87.2455	28582.503	35148.6281	87.2458	-0.1	0.0	0.3	0.0	0.1	0.3
IBB213	28580.786	35147.5604	87.183	28580.786	35147.5606	87.1833	0.0	0.2	0.3	0.2	-0.1	0.3
IBB214	28578.4085	35145.9882	87.0993	28578.4079	35145.9882	87.0995	-0.6	0.0	0.2	0.3	0.5	0.2
IBB215	28576.0318	35144.3804	87.0118	28576.0309	35144.3802	87.0121	-0.9	-0.2	0.3	0.2	0.9	0.3
IBB216	28573.179	35142.5653	86.9127	28573.1785	35142.5654	86.9131	-0.5	0.1	0.4	0.3	0.4	0.4
IBB217	28570.21	35140.6854	86.8062	28570.2093	35140.6852	86.8064	-0.7	-0.2	0.2	0.1	0.7	0.2
IBB218	28567.1775	35138.832	86.6972	28567.1769	35138.8318	86.6976	-0.6	-0.2	0.4	0.1	0.6	0.4
IBB219	28565.3171	35137.7451	86.6356	28565.3167	35137.7448	86.6365	-0.4	-0.3	0.9	-0.1	0.5	0.9
IBB220	28562.8411	35136.3202	86.5513	No Data	No Data	No Data	No Data	No Data	No Data	No Data	No Data	No Data
IBB221	28559.776	35134.5876	86.4408	28559.7758	35134.5869	86.4414	-0.2	-0.7	0.6	-0.5	0.5	0.6
IBB222	28557.1313	35133.0263	86.3578	28557.1314	35133.0258	86.3577	0.1	-0.5	-0.1	-0.5	0.1	-0.1
IBB223	28554.5731	35131.7356	86.2602	28554.573	35131.7351	86.2601	-0.1	-0.5	-0.1	-0.4	0.3	-0.1
IBB224	28552.1401	35130.4449	86.1784	28552.1403	35130.4444	86.1786	0.2	-0.5	0.2	-0.5	0.1	0.2
IBB225	28549.6782	35129.0921	86.1048	28549.6782	35129.0913	86.105	0.0	-0.8	0.2	-0.7	0.4	0.2
IBB226	28546.5251	35127.5713	85.9948	28546.5252	35127.5709	85.9949	0.1	-0.4	0.1	-0.4	0.1	0.1
IBB227	28544.0123	35126.3439	85.9155	28544.012	35126.3435	85.916	-0.3	-0.4	0.5	-0.2	0.5	0.5
IBB228	28541.4802	35125.1182	85.8325	28541.4804	35125.1179	85.8328	0.2	-0.3	0.3	-0.4	0.0	0.3
IBB229	28538.9897	35123.8715	85.7522	28538.9896	35123.8711	85.7524	-0.1	-0.4	0.2	-0.3	0.3	0.2
IBB230	28535.8784	35122.3253	85.6517	28535.8786	35122.325	85.6523	0.2	-0.3	0.6	-0.4	0.0	0.6
IBB231	28533.1807	35121.3107	85.556	No Data	No Data	No Data	No Data	No Data	No Data	No Data	No Data	No Data
IBB232	28530.1887	35119.8195	85.4679	No Data	No Data	No Data	No Data	No Data	No Data	No Data	No Data	No Data
IBB233	28528.6229	35119.3744	85.4008	28528.6226	35119.374	85.4011	-0.3	-0.4	0.3	-0.2	0.5	0.3
IBB234	28525.4351	35118.0821	85.2951	28525.4345	35118.0821	85.2945	-0.6	0.0	-0.6	0.3	0.5	-0.6
IBB235	28522.2627	35116.7925	85.1936	28522.2624	35116.7923	85.1934	-0.3	-0.2	-0.2	0.0	0.4	-0.2
IBB236	28520.1509	35116.0309	85.1209	28520.1506	35116.031	85.1208	-0.3	0.1	-0.1	0.2	0.2	-0.1
IBB237	28517.4998	35115.0216	85.0414	28517.4993	35115.0216	85.0408	-0.5	0.0	-0.6	0.2	0.4	-0.6
IBB238	28514.7117	35114.0246	84.9568	28514.7116	35114.0244	84.9566	-0.1	-0.2	-0.2	-0.1	0.2	-0.2
IBB239	28510.5857	35112.5004	84.8222	28510.5854	35112.5004	84.8219	-0.3	0.0	-0.3	0.1	0.3	-0.3
IBB240	28508.7501	35111.9691	84.7628	28508.75	35111.9689	84.7622	-0.1	-0.2	-0.6	-0.1	0.2	-0.6
IBB241	28506.7499	35111.2929	84.7021	28506.75	35111.2928	84.7017	0.1	-0.1	-0.4	-0.1	0.0	-0.4
IBB242	28503.3926	35110.2021	84.5947	28503.3927	35110.2022	84.5939	0.1	0.1	-0.8	0.0	-0.1	-0.8
IBB243	28500.6997	35109.3505	84.5062	28500.6998	35109.3508	84.5055	0.1	0.3	-0.7	0.2	-0.2	-0.7
IBB244	28497.3873	35108.3362	84.4023	28497.3871	35108.3368	84.4018	-0.2	0.6	-0.5	0.6	-0.1	-0.5
IBB245	28494.577	35107.5261	84.3058	28494.5769	35107.5264	84.3055	-0.1	0.3	-0.3	0.3	0.0	-0.3
IBB246	28491.7926	35106.6355	84.2196	28491.7924	35106.6358	84.2193	-0.2	0.3	-0.3	0.4	0.0	-0.3
IBB247	28489.2605	35105.9666	84.146	28489.2604	35105.9672	84.146	-0.1	0.6	0.0	0.6	-0.2	0.0
IBB248	28486.3805	35105.145	84.0604	28486.3803	35105.1455	84.0605	-0.2	0.5	0.1	0.5	-0.1	0.1
IBB249	28483.833	35104.4304	83.9885	28483.8328	35104.4308	83.9886	-0.2	0.4	0.1	0.4	0.0	0.1
IBB250	28480.2694	35103.4519	83.8819	28480.2694	35103.4522	83.8824	0.0	0.3	0.5	0.3	-0.1	0.5
IBB251	28477.5795	35102.7062	83.7977	28477.5794	35102.7065	83.7981	-0.1	0.3	0.4	0.3	0.0	0.4
IBB252	28474.896	35102.0254	83.712	28474.8961	35102.0258	83.7124	0.1	0.4	0.4	0.3	-0.3	0.4
IBB253	28473.0264	35101.5515	83.6575	28473.0264	35101.5519	83.6582	0.0	0.4	0.7	0.4	-0.2	0.7
IBB254	28470.9988	35101.0372	83.5961	28470.9987	35101.0375	83.5966	-0.1	0.3	0.5	0.3	0.0	0.5
IBB255	28468.0692	35100.2928	83.507	28468.0691	35100.2929	83.5075	-0.1	0.1	0.5	0.1	0.0	0.5
IBB256	28462.8154	35098.9464	83.3481	28462.8153	35098.9464	83.349	-0.1	0.0	0.9	0.0	0.1	0.9
IBB257	28458.0112	35097.7767	83.2034	28458.0109	35097.7768	83.2045	-0.3	0.1	1.1	0.2	0.2	1.1
IBB258	28454.424	35096.9073	83.0929	28454.4236	35096.9074	83.0938	-0.4	0.1	0.9	0.3	0.3	0.9
IBB259	28449.7025	35095.698	82.9467	28449.7022	35095.6981	82.9474	-0.3	0.1	0.7	0.2	0.2	0.7
IBB260	28444.9178	35094.5445	82.7976	28444.9176	35094.5444	82.7983	-0.2	-0.1	0.7	0.0	0.2	0.7
IBC01	28615.0532	35174.7295	93.0946	28615.0536	35174.7294	93.0949	0.4	-0.1	0.3	-0.3	-0.3	0.3
IBC02	28612.2372	35172.2027	93.0044	28612.2377	35172.203	93.0048	0.5	0.3	0.4	0.0	-0.6	0.4
IBC03	28608.547	35169.003	92.8474	28608.5473	35169.0034	92.8477	0.3	0.4	0.3	0.2	-0.5	0.3
IBC04	28605.1541	35166.1609	92.6821	28605.1544	35166.1613	92.6822	0.3	0.4	0.1	0.2	-0.5	0.1
IBC05	28601.5041	35163.1739	92.5228	28601.5045	35163.1741	92.5229	0.4	0.2	0.1	0.0	-0.4	0.1
IBC06	28598.6495	35160.8835	92.4086	28598.65	35160.8839	92.4089	0.5	0.4	0.3	0.1	-0.6	0.3
IBC07	28595.7007	35158.585	92.3269	28595.7009	35158.5851	92.3271	0.2	0.1	0.2	0.0	-0.2	0.2
IBC08	28593.6565	35157.0294	92.2633	28593.6568	35157.03	92.2639	0.3	0.6	0.6	0.4	-0.5	0.6
IBC09	28591.4702	35155.3163	92.203	28591.4705	35155.3168	92.2036	0.3	0.5	0.6	0.3	-0.5	0.6
IBC10	28589.1233	35153.6962	92.1235	28589.1231	35153.6964	92.1237	-0.2	0.2	0.2	0.3	0.1	0.2
IBC11	28586.8392	35152.0547	92.0414	28586.839	35152.0549	92.0418	-0.2	0.2	0.4	0.3	0.1	0.4
IBC12	28584.3369	35150.2946	91.9307	28584.336	35150.2949	91.9314	-0.9	0.3	0.7	0.7	0.7	0.7
IBC13	28582.2206	35148.8288	91.8379	28582.2199	35148.8288	91.8383	-0.7	0.0	0.4	0.3	0.6	0.4
IBC14	28579.5107	35147.0043	91.7364	28579.5099	35147.0045	91.7368	-0.8	0.2	0.4	0.5	0.6	0.4
IBC15	28576.5752	35145.0649	91.635	28576.5748	35145.0652	91.6355	-0.4	0.3	0.5	0.5	0.2	0.5
IBC16	28573.0966	35142.94	91.5014	28573.0956	35142.9403	91.502	-1.0	0.3	0.6	0.7	0.7	0.6
IBC17	28570.275	35141.0667	91.3929	28570.2742	35141.0669	91.3936	-0.8	0.2	0.7	0.5	0.6	0.7
IBC18	28567.0592	35139.1125	91.2701	28567.0582	35139.1127	91.2711	-1.0	0.2	1.0	0.6	0.8	1.0
IBC19	28565.2744	35138.0548	91.1968	28565.2734	35138.055	91.197	-1.0	0.2	0.2	0.6	0.8	0.2
IBC20	28562.8651	35136.6499	91.1072	28562.8645	35136.6503	91.1074	-0.6	0.4	0.2	0.6	0.3	0.2
IBC21	28559.8127	35134.8979	91.012	28559.812	35134.8979	91.0115	-0.7	0.0	-0.5	0.3	0.6	-0.5
IBC22	28557.3566	35133.5272	90.9276	28557.3562	35133.5272	90.9273	-0.4	0.0	-0.3	0.2	0.4	-0.3
IBC23	28554.7306	35132.0813	90.8473	28554.7303	35132.081	90.8459	-0.3	-0.3	-1.4	-0.1	0.4	-1.4
IBC24	28552.3858	35130.5057	90.7742	28552.3853	35130.5055	90.7739	-0.5	-0.2	-0.3	0.1	0.5	-0.3
IBC25	28549.1725	35129.144	90.6608	28549.1722	35129.144	90.6595	-0.3	0.0	-1.3	0.1	0.3	-1.3
IBC26	28546.6804	35127.8886	90.5799	28546.6803	35127.8884	90.5781	-0.1	-0.2	-1.8	-0.1	0.2	-1.8
IBC27	28543.5016	35126.3164	90.4698	28543.5018	35126.3155	90.4674	0.2	-0.9	-2.4	-0.9	0.2	-2.4
IBC28	28540.9777	35125.0993	90.378	28540.9781	35125.0983	90.3755	0.4	-1.0	-2.5	-1.1	0.1	-2.5
IBC29	28538.555	35123.6654	90.2992	28538.5551	35123.6647	90.297	0.1	-0.7	-2.2	-0.7	0.2	-2.2
IBC30	28536.5582	35123.0588	90.2221	28536.5584	35123.0578	90.2202	0.2	-1.0	-1.9	-1.0	0.3	-1.9
IBC31	28533.3427	35121.6372	90.1237	28533.3426	35121.636	90.122	-0.1	-1.2	-1.7	-1.0	0.6	-1.7
IBC32	28530.7886	35120.5277	90.0515	28530.789	35120.5272	90.0507	0.4	-0.5	-0.8	-0.6	-0.1	-0.8
IBC33	28528.6421	35119.6251	89.9952	28528.6422	35119.6244	89.9944	0.1	-0.7	-0.8	-0.7	0.2	-0.8
IBC34	28525.4263	35118.3066	89.8973	28525.4261	35118.3062	89.8966	-0.2	-0.4	-0.7	-0.3	0.4	-0.7
IBC35	28522.3275	35117.0605	89.7988	28522.3275	35117.0594	89.7979	0.0	-1.1	-0.9	-1.0	0.5	-0.9
IBC36	28520.3925	35116.313	89.7399	28520.3928	35116.3119	89.739	0.3	-1.1	-0.9	-1.1	0.2	-0.9
IBC37	28517.5708	35115.2537	89.653	28517.5711	35115.2516	89.6513	0.3	-2.1	-1.7	-2.0	0.7	-1.7
IBC38	28514.9355	35114.3115	89.5645	28514.936077306	35114.3092211832	89.5622	0.6	-2.3	-2.3	-2.3	0.5	-2.3
IBC39	28512.7943	35113.2586	89.5052	28512.7957	35113.2599	89.5034	1.4	1.3	-1.8	-1.8	0.7	-1.8
IBC40	28508.7351	35112.1741	89.3491	28508.7357858189	35112.1721522901	89.3468	0.7	-1.9	-2.3	-2.0	0.3	-2.3
IBC41	28507.0876	35111.3217	89.3051	28507.0884695043	35111.3198437023	89.3028	0.9	-1.9	-2.3	-2.0	0.1	-2.3
IBC42	28503.4876	35110.141	89.1884	28503.4881	35110.1408	89.1871	0.5	-0.2	-1.3	-0.4	-0.4	-1.3
IBC43	28500.6101	35109.2273	89.105	28500.6104	35109.2275	89.1039	0.3	0.2	-1.1	0.0	-0.4	-1.1
IBC44	28497.5453	35108.4651	88.9995	28497.5456	35108.4657	88.9986	0.3	0.6	-0.9	0.4	-0.5	-0.9
IBC45	28494.7137	35107.968	88.887	28494.7139	35107.9685	88.8862	0.2	0.5	-0.8	0.4	-0.4	-0.8
IBC46	28491.226	35106.9994	88.7717	28491.226	35107	88.7713	0.0	0.6	-0.4	0.5	-0.3	-0.4
IBC47	28489.1857	35106.1595	88.7306	28489.1857	35106.1601	88.7302	0.0	0.6	-0.4	0.5	-0.3	-0.4
IBC48	28486.7067	35105.4652	88.6467	28486.7066	35105.4656	88.6465	-0.1	0.4	-0.2	0.4	-0.1	-0.2
IBC49	28483.825	35104.5396	88.5639	28483.8249	35104.54	88.5639	-0.1	0.4	0.0	0.4	-0.1	0.0
IBC50	28480.5162	35103.7003	88.4698	28480.5162	35103.7007	88.4699	0.0	0.4	0.1	0.4	-0.2	0.1
IBC51	28477.7992	35102.9869	88.3946	28477.7994	35102.9872	88.3951	0.2	0.3	0.5	0.2	-0.3	0.5
IBC52	28475.0785	35102.2568	88.3083	28475.0786	35102.2574	88.3089	0.1	0.6	0.6	0.5	-0.4	0.6
IBC53	28472.9937	35101.5964	88.2453	28472.9938	35101.597	88.2468	0.1	0.6	1.5	0.5	-0.4	1.5
IBC54	28471.0176	35101.2071	88.1723	28471.0176	35101.2077	88.1727	0.0	0.6	0.4	0.5	-0.3	0.4
IBC55	28467.7666	35100.2089	88.0875	28467.7666	35100.2094	88.0888	0.0	0.5	1.3	0.4	-0.2	1.3
IBC56	28462.8678	35099.1631	87.9242	28462.8678	35099.1636	87.924	0.0	0.5	-0.2	0.4	-0.2	-0.2
IBC57	28457.8964	35097.6602	87.7948	28457.8964	35097.6606	87.7952	0.0	0.4	0.4	0.4	-0.2	0.4
IBC58	28453.8696	35096.7476	87.6707	28453.8694	35096.7477	87.6718	-0.2	0.1	1.1	0.2	0.1	1.1
IBC59	28449.286	35095.5754	87.5263	28449.2859	35095.5756	87.5275	-0.1	0.2	1.2	0.2	0.0	1.2
IBC60	28443.7948	35094.511	87.3423	28443.7946	35094.5113	87.343	-0.2	0.3	0.7	0.4	0.0	0.7
IBL01	28617.4778	35173.1734	88.978	28617.478	35173.1734	88.9783	0.2	0.0	0.3	-0.1	-0.2	0.3
IBL02	28612.6896	35168.8935	88.8395	28612.69	35168.8936	88.8397	0.4	0.1	0.2	-0.1	-0.4	0.2
IBL03	28609.3134	35165.981	88.6951	28609.3139	35165.9811	88.6952	0.5	0.1	0.1	-0.1	-0.5	0.1
IBL04	28605.1651	35162.526	88.4911	28605.1659	35162.5264	88.4912	0.8	0.4	0.1	0.0	-0.9	0.1
IBL05	28601.6805	35159.7154	88.3446	28601.6813	35159.7159	88.3447	0.8	0.5	0.1	0.1	-0.9	0.1
IBL06	28599.4572	35157.9588	88.2557	28599.4573	35157.959	88.2558	0.1	0.2	0.1	0.1	-0.2	0.1
IBL07	28597.3152	35156.2951	88.1937	28597.3157	35156.2953	88.194	0.5	0.2	0.3	-0.1	-0.5	0.3
IBL08	28594.5948	35154.2419	88.0952	28594.5953	35154.242	88.0953	0.5	0.1	0.1	-0.1	-0.5	0.1
IBL09	28592.312	35152.5153	88.0857	28592.3124	35152.5156	88.0859	0.4	0.3	0.2	0.1	-0.5	0.2
IBL10	28590.2833	35151.5621	87.5824	28590.2836	35151.5623	87.5824	0.3	0.2	0.0	0.0	-0.4	0.0
IBL11	28585.4329	35147.308	89.4859	28585.4324	35147.308	89.4861	-0.5	0.0	0.2	0.2	0.4	0.2
IBL12	28584.0637	35146.6657	87.7812	28584.0633	35146.6655	87.7813	-0.4	-0.2	0.1	0.0	0.4	0.1
IBL13	28581.7393	35145.0844	87.7357	28581.7385	35145.0841	87.7358	-0.8	-0.3	0.1	0.1	0.8	0.1
IBL14	28579.3855	35143.546	87.6074	28579.3851	35143.5459	87.6077	-0.4	-0.1	0.3	0.1	0.4	0.3
IBL15	28577.0982	35142.0454	87.5352	28577.0975	35142.0452	87.5356	-0.7	-0.2	0.4	0.1	0.7	0.4
IBL16	28573.7318	35139.9329	87.3666	28573.731	35139.9327	87.367	-0.8	-0.2	0.4	0.2	0.8	0.4
IBL17	28571.3949	35138.4676	87.2956	28571.3943	35138.4676	87.296	-0.6	0.0	0.4	0.3	0.5	0.4
IBL18	28569.8014	35137.4743	87.2769	28569.8008	35137.474	87.2775	-0.6	-0.3	0.6	0.0	0.7	0.6
IBL19	28567.7894	35136.301	87.154	28567.789	35136.3012	87.1544	-0.4	0.2	0.4	0.4	0.3	0.4
IBL20	28565.3105	35134.7943	87.1326	28565.3102	35134.7943	87.1326	-0.3	0.0	0.0	0.1	0.3	0.0
IBL21	28562.8601	35133.4003	87.0025	28562.8603	35133.4005	87.0031	0.2	0.2	0.6	0.1	-0.3	0.6
IBL22	28559.6444	35131.5401	86.9694	28559.644	35131.5398	86.9691	-0.4	-0.3	-0.3	-0.1	0.5	-0.3
IBL23	28557.2267	35130.205	86.8909	28557.2266	35130.2045	86.8904	-0.1	-0.5	-0.5	-0.4	0.3	-0.5
IBL24	28554.7332	35128.8487	86.8259	28554.7331	35128.8482	86.8255	-0.1	-0.5	-0.4	-0.4	0.3	-0.4
IBL25	28552.1776	35127.5797	86.5921	28552.1778	35127.5792	86.5914	0.2	-0.5	-0.7	-0.5	0.1	-0.7
IBL26	28549.0213	35125.9008	86.5993	28549.0215	35125.8998	86.5987	0.2	-1.0	-0.6	-1.0	0.3	-0.6
IBL27	28546.0952	35124.4731	86.4512	28546.0955	35124.472	86.4507	0.3	-1.1	-0.5	-1.1	0.2	-0.5
IBL28	28543.4999	35123.2529	86.2885	28543.5004	35123.2515	86.2871	0.5	-1.4	-1.4	-1.5	0.2	-1.4
IBL29	28540.1046	35121.61	86.2321	28540.1051	35121.6092	86.2318	0.5	-0.8	-0.3	-0.9	-0.1	-0.3
IBL30	28537.703	35120.5159	86.1397	28537.7034	35120.5143	86.1398	0.4	-1.6	0.1	-1.6	0.4	0.1
IBL31	28534.9324	35119.2741	86.06	28534.9327	35119.2728	86.0597	0.3	-1.3	-0.3	-1.3	0.3	-0.3
IBL32	28531.8194	35117.9111	85.9785	28531.8194	35117.9104	85.9787	0.0	-0.7	0.2	-0.6	0.3	0.2
IBL33	28529.5695	35116.9751	85.9167	28529.5693	35116.9748	85.9164	-0.2	-0.3	-0.3	-0.2	0.3	-0.3
IBL34	28527.34	35116.0681	85.8358	28527.3399	35116.0681	85.8358	-0.1	0.0	0.0	0.0	0.1	0.0
IBL35	28525.3024	35115.2347	85.7938	28525.3024	35115.2342	85.7934	0.0	-0.5	-0.4	-0.4	0.2	-0.4
IBL36	28522.6824	35114.1986	85.7151	28522.682	35114.1984	85.7149	-0.4	-0.2	-0.2	0.0	0.4	-0.2
IBL37	28519.8315	35113.109	85.6318	28519.8314	35113.1088	85.6317	-0.1	-0.2	-0.1	-0.1	0.2	-0.1
IBL38	28516.1034	35111.7649	85.4818	28516.1035	35111.7643	85.4817	0.1	-0.6	-0.1	-0.6	0.2	-0.1
IBL39	28513.5279	35110.8622	85.4001	28513.5285	35110.8608	85.3995	0.6	-1.4	-0.6	-1.5	0.1	-0.6
IBL40	28510.519	35109.8317	85.2836	28510.5197	35109.8297	85.2822	0.7	-2.0	-1.4	-2.1	0.3	-1.4
IBL41	28508.068	35109.0111	85.1831	28508.0684	35109.0097	85.1815	0.4	-1.4	-1.6	-1.4	0.3	-1.6
IBL42	28504.8424	35107.9277	85.1187	28504.8424	35107.9276	85.1177	0.0	-0.1	-1.0	-0.1	0.0	-1.0
IBL43	28501.1397	35106.7549	84.9823	28501.1396	35106.7551	84.9815	-0.1	0.2	-0.8	0.2	0.0	-0.8
IBL44	28498.7938	35106.0436	84.8812	28498.7937	35106.0437	84.8805	-0.1	0.1	-0.7	0.1	0.0	-0.7
IBL45	28496.9165	35105.461	84.8435	28496.9164	35105.4613	84.8431	-0.1	0.3	-0.4	0.3	0.0	-0.4
IBL46	28491.3806	35103.8227	84.6681	28491.3805	35103.8229	84.668	-0.1	0.2	-0.1	0.2	0.0	-0.1
IBL47	28489.9425	35103.4247	84.6012	28489.9424	35103.4251	84.6011	-0.1	0.4	-0.1	0.4	-0.1	-0.1
IBL48	28487.7376	35102.531	86.3308	28487.7373	35102.5313	86.3308	-0.3	0.3	0.0	0.4	0.1	0.0
IBL49	28483.6656	35101.4101	86.2166	28483.6654	35101.4107	86.2167	-0.2	0.6	0.1	0.6	-0.1	0.1
IBL50	28480.9458	35100.6612	86.0735	28480.9455	35100.6618	86.0738	-0.3	0.6	0.3	0.7	0.0	0.3
IBL51	28478.2183	35099.9403	85.9662	28478.2183	35099.9408	85.9664	0.0	0.5	0.2	0.4	-0.2	0.2
IBL52	28476.3447	35099.4691	86.08	28476.3446	35099.4697	86.0805	-0.1	0.6	0.5	0.6	-0.2	0.5
IBL53	28474.1361	35098.8977	86.0003	28474.1361	35098.8983	86.0015	0.0	0.6	1.2	0.5	-0.3	1.2
IBL54	28471.6067	35098.2415	85.9221	28471.6067	35098.2421	85.9227	0.0	0.6	0.6	0.5	-0.3	0.6
IBL55	28468.6942	35097.4829	85.7652	28468.694	35097.4835	85.7658	-0.2	0.6	0.6	0.6	-0.1	0.6
IBL56	28463.2311	35096.1251	85.5998	28463.2311	35096.1254	85.6001	0.0	0.3	0.3	0.3	-0.1	0.3
IBL57	28459.1311	35095.1147	85.4891	28459.1309	35095.1154	85.4904	-0.2	0.7	1.3	0.7	-0.1	1.3
IBL58	28454.1026	35093.9035	85.3368	28454.1027	35093.9032	85.3377	0.1	-0.3	0.9	-0.3	0.0	0.9
IBL59	28449.7773	35092.866	85.2585	28449.7774	35092.8661	85.2595	0.1	0.1	1.0	0.0	-0.1	1.0
IBL60	28445.908	35092.0937	85.1186	28445.908	35092.0948	85.1202	0.0	1.1	1.6	1.0	-0.5	1.6
IBR01	28613.6887	35176.9636	90.2834	28613.6891	35176.964	90.2841	0.4	0.4	0.7	0.2	-0.5	0.7
IBR02	28609.5423	35173.2684	90.139	28609.5428	35173.2688	90.1395	0.5	0.4	0.5	0.1	-0.6	0.5
IBR03	28606.2349	35170.4209	89.991	28606.2352	35170.4211	89.9913	0.3	0.2	0.3	0.0	-0.4	0.3
IBR04	28602.132	35166.9917	89.7923	28602.1322	35166.9921	89.7925	0.2	0.4	0.2	0.3	-0.4	0.2
IBR05	28598.5474	35164.0928	89.6372	28598.5477	35164.0931	89.6374	0.3	0.3	0.2	0.1	-0.4	0.2
IBR06	28596.1875	35162.2196	89.5496	28596.1878	35162.22	89.55	0.3	0.4	0.4	0.2	-0.5	0.4
IBR07	28594.1855	35160.6601	89.4894	28594.1856	35160.6608	89.4898	0.1	0.7	0.4	0.6	-0.4	0.4
IBR08	28591.1485	35158.3617	89.3841	28591.1485	35158.3619	89.3843	0.0	0.2	0.2	0.2	-0.1	0.2
IBR09	28588.6314	35156.5093	89.3206	28588.6314	35156.5096	89.3209	0.0	0.3	0.3	0.3	-0.1	0.3
IBR10	28586.0168	35154.635	89.2266	28586.0165	35154.6355	89.2267	-0.3	0.5	0.1	0.6	0.0	0.1
IBR11	28583.7278	35153.02	89.1404	28583.7273	35153.0206	89.1407	-0.5	0.6	0.3	0.8	0.2	0.3
IBR12	28581.4446	35151.4378	89.0436	28581.4442	35151.4381	89.0439	-0.4	0.3	0.3	0.5	0.2	0.3
IBR13	28579.1391	35149.8718	88.9561	28579.139	35149.872	88.9563	-0.1	0.2	0.2	0.2	0.0	0.2
IBR14	28576.8204	35148.3228	88.8735	28576.8196	35148.3231	88.8738	-0.8	0.3	0.3	0.6	0.6	0.3
IBR15	28574.4938	35146.8045	88.7928	28574.4937	35146.8046	88.7932	-0.1	0.1	0.4	0.1	0.0	0.4
IBR16	28571.7175	35145.0295	88.6988	28571.717	35145.0297	88.6995	-0.5	0.2	0.7	0.4	0.4	0.7
IBR17	28568.9934	35143.3302	88.5972	28568.9923	35143.3299	88.5979	-1.1	-0.3	0.7	0.2	1.1	0.7
IBR18	28565.8128	35141.3935	88.4714	28565.8126	35141.3933	88.4719	-0.2	-0.2	0.5	-0.1	0.3	0.5
IBR19	28564.2455	35140.4637	88.4087	28564.2452	35140.4637	88.4091	-0.3	0.0	0.4	0.1	0.3	0.4
IBR20	28561.0094	35138.5762	88.2807	28561.0087	35138.576	88.2808	-0.7	-0.2	0.1	0.1	0.7	0.1
IBR21	28558.5967	35137.1973	88.2084	28558.5962	35137.1968	88.2087	-0.5	-0.5	0.3	-0.2	0.7	0.3
IBR22	28556.4767	35136.005	88.1298	28556.4764	35136.0045	88.1296	-0.3	-0.5	-0.2	-0.3	0.5	-0.2
IBR23	28552.9744	35134.0883	88.0296	28552.9738	35134.088	88.0288	-0.6	-0.3	-0.8	0.0	0.7	-0.8
IBR24	28551.2843	35133.1813	87.9761	28551.2839	35133.1813	87.9757	-0.4	0.0	-0.4	0.2	0.4	-0.4
IBR25	28548.8331	35131.8964	87.8887	28548.8328	35131.8963	87.888	-0.3	-0.1	-0.7	0.0	0.3	-0.7
IBR26	28545.5895	35130.2478	87.7785	28545.589	35130.2479	87.7775	-0.5	0.1	-1.0	0.3	0.4	-1.0
IBR27	28543.0855	35129.0125	87.6269	28543.0855	35129.0128	87.6256	0.0	0.3	-1.3	0.3	-0.1	-1.3
IBR28	28540.586	35127.8016	87.6127	28540.5846	35127.8021	87.6126	-1.4	0.5	-0.1	0.2	-1.5	-0.1
IBR29	28537.613	35126.4085	87.51	28537.613	35126.4093	87.5107	0.0	0.8	0.7	0.7	-0.4	0.7
IBR30	28535.5706	35125.471	87.3644	No Data	No Data	No Data	No Data	No Data	No Data	No Data	No Data	No Data
IBR31	28532.5492	35124.1174	87.3995	28532.5491	35124.1172	87.3996	-0.1	-0.2	0.1	-0.1	0.2	0.1
IBR32	28529.9172	35122.7202	87.335	28529.917	35122.7205	87.3351	-0.2	0.3	0.1	0.4	0.0	0.1
IBR33	28527.5535	35121.8108	87.2625	28527.5533	35121.8104	87.2615	-0.2	-0.4	-1.0	-0.3	0.4	-1.0
IBR34	28523.2254	35120.2142	87.112	28523.2252	35120.214	87.1117	-0.2	-0.2	-0.3	-0.1	0.3	-0.3
IBR35	28520.6513	35119.1932	86.9651	28520.6509	35119.1932	86.9648	-0.4	0.0	-0.3	0.2	0.4	-0.3
IBR36	28518.9882	35118.5546	86.9261	28518.988	35118.5544	86.926	-0.2	-0.2	-0.1	-0.1	0.3	-0.1
IBR37	28516.7544	35117.725	86.8473	28516.754	35117.7249	86.8467	-0.4	-0.1	-0.6	0.1	0.4	-0.6
IBR38	28513.5959	35116.5901	86.7446	28513.5957	35116.5899	86.7439	-0.2	-0.2	-0.7	-0.1	0.3	-0.7
IBR39	28511.4671	35115.8504	86.6682	28511.4668	35115.8501	86.6676	-0.3	-0.3	-0.6	-0.1	0.4	-0.6
IBR40	28508.3738	35114.7993	86.5583	28508.3738	35114.7992	86.5568	0.0	-0.1	-1.5	-0.1	0.0	-1.5
IBR41	28506.2292	35114.0684	86.4871	28506.2294	35114.0685	86.4855	0.2	0.1	-1.6	0.0	-0.2	-1.6
IBR42	28503.1009	35113.0355	86.3904	28503.101	35113.0357	86.3891	0.1	0.2	-1.3	0.1	-0.2	-1.3
IBR43	28499.4652	35111.8852	86.2818	28499.4653	35111.8858	86.2808	0.1	0.6	-1.0	0.5	-0.4	-1.0
IBR44	28496.8178	35111.0811	86.1938	28496.8178	35111.0818	86.1929	0.0	0.7	-0.9	0.6	-0.3	-0.9
IBR45	28494.1182	35110.2617	86.1157	28494.1181	35110.2624	86.1152	-0.1	0.7	-0.5	0.7	-0.2	-0.5
IBR46	28491.4337	35109.4637	86.0307	28491.4336	35109.4643	86.0302	-0.1	0.6	-0.5	0.6	-0.2	-0.5
IBR47	28488.7495	35108.6877	85.9504	28488.7494	35108.6881	85.9501	-0.1	0.4	-0.3	0.4	-0.1	-0.3
IBR48	28486.0549	35107.9167	85.8674	28486.0547	35107.9171	85.8673	-0.2	0.4	-0.1	0.4	0.0	-0.1
IBR49	28483.0205	35107.08	85.7522	28483.0205	35107.0803	85.7523	0.0	0.3	0.1	0.3	-0.1	0.1
IBR50	28480.329	35106.34	85.6741	28480.3289	35106.3402	85.6743	-0.1	0.2	0.2	0.2	0.0	0.2
IBR51	28477.4416	35105.5731	85.5934	28477.4415	35105.5733	85.5938	-0.1	0.2	0.4	0.2	0.0	0.4
IBR52	28474.9222	35104.9017	85.5211	28474.9222	35104.902	85.5215	0.0	0.3	0.4	0.3	-0.1	0.4
IBR53	28471.8102	35104.0906	85.4164	28471.8102	35104.0906	85.4173	0.0	0.0	0.9	0.0	0.0	0.9
IBR54	28469.5884	35103.5252	85.3683	28469.5883	35103.5251	85.3688	-0.1	-0.1	0.5	0.0	0.1	0.5
IBR55	28467.1715	35102.9101	85.2789	28467.1715	35102.9104	85.2791	0.0	0.3	0.2	0.3	-0.1	0.2
IBR56	28462.5524	35101.7489	85.1246	28462.5526	35101.7495	85.1258	0.2	0.6	1.2	0.4	-0.5	1.2
IBR57	28457.3133	35100.4664	84.9772	28457.3129	35100.467	84.9788	-0.4	0.6	1.6	0.7	0.1	1.6
IBR58	28453.2842	35099.4956	84.8495	28453.2841	35099.4961	84.8513	-0.1	0.5	1.8	0.5	-0.1	1.8
IBR59	28448.9279	35098.4312	84.7139	28448.9278	35098.4318	84.7152	-0.1	0.6	1.3	0.6	-0.2	1.3
IBR60	28443.6633	35097.1383	84.549	28443.6631	35097.1386	84.5506	-0.2	0.3	1.6	0.4	0.0	1.6
